% # columns="iteration, evaluation, min max(neg(.)) min(pos(.)) max correlation, correlation matrix principal axes lengths  (sorted square roots of eigenvalues of correlation matrix)", seed=267880, Wed Sep 23 10:46:36 2026
1 6 0.0819695268471817 0.0819695268471817 0.0819695268471817 0.0819695268471817 0.9581390677520766 1.040177641966593
2 12 0.14933704402217107 0.14933704402217107 0.14933704402217107 0.14933704402217107 0.9581390677520766 1.040177641966593
3 18 -0.06255539321672722 -0.06255539321672722 -0.06255539321672722 -0.06255539321672722 0.9682172311951863 1.0308032757110968
4 24 -0.24499220622247475 -0.24499220622247475 -0.24499220622247475 -0.24499220622247475 0.9682172311951863 1.0308032757110968
5 30 -0.22298144220132507 -0.22298144220132507 -0.22298144220132507 -0.22298144220132507 0.8814865613261922 1.1058849136331161
6 36 -0.18960649040707647 -0.18960649040707647 -0.18960649040707647 -0.18960649040707647 0.8814865613261922 1.1058849136331161
7 42 -0.14441257100028257 -0.14441257100028257 -0.14441257100028257 -0.14441257100028257 0.9249796911282524 1.069772205191499
8 48 0.14302370370790612 0.14302370370790612 0.14302370370790612 0.14302370370790612 0.9249796911282524 1.069772205191499
9 54 0.403234322800135 0.403234322800135 0.403234322800135 0.403234322800135 0.7725061017233879 1.1845819189908882
10 60 0.4552056218799267 0.4552056218799267 0.4552056218799267 0.4552056218799267 0.7725061017233879 1.1845819189908882
11 66 0.5532897091712109 0.5532897091712109 0.5532897091712109 0.5532897091712109 0.6683638910270282 1.246310438522927
12 72 0.580124683622888 0.580124683622888 0.580124683622888 0.580124683622888 0.6683638910270282 1.246310438522927
13 78 0.7661694403412599 0.7661694403412599 0.7661694403412599 0.7661694403412599 0.4835602957840315 1.3289730773575739
14 84 0.8252307486501085 0.8252307486501085 0.8252307486501085 0.8252307486501085 0.4835602957840315 1.3289730773575739
15 90 0.884065403927438 0.884065403927438 0.884065403927438 0.884065403927438 0.34049169750900227 1.3726126197611028
16 96 0.8531666177900682 0.8531666177900682 0.8531666177900682 0.8531666177900682 0.34049169750900227 1.3726126197611028
17 102 0.872815055615749 0.872815055615749 0.872815055615749 0.872815055615749 0.35662998245275296 1.3685083323150609
18 108 0.903983781315342 0.903983781315342 0.903983781315342 0.903983781315342 0.35662998245275296 1.3685083323150609
19 114 0.8784411005352554 0.8784411005352554 0.8784411005352554 0.8784411005352554 0.34865297856858285 1.3705623300438603
20 120 0.8858813571731001 0.8858813571731001 0.8858813571731001 0.8858813571731001 0.34865297856858285 1.3705623300438603
21 126 0.8488095926626367 0.8488095926626367 0.8488095926626367 0.8488095926626367 0.38883210687565806 1.3597093780152567
22 132 0.9201818488370315 0.9201818488370315 0.9201818488370315 0.9201818488370315 0.38883210687565806 1.3597093780152567
23 138 0.8968943817110824 0.8968943817110824 0.8968943817110824 0.8968943817110824 0.3211006357653589 1.3772778883402879
24 144 0.9147828450515858 0.9147828450515858 0.9147828450515858 0.9147828450515858 0.3211006357653589 1.3772778883402879
25 150 0.9318002861662922 0.9318002861662922 0.9318002861662922 0.9318002861662922 0.26115074924975396 1.3898921850871355
26 156 0.9530375502788742 0.9530375502788742 0.9530375502788742 0.9530375502788742 0.26115074924975396 1.3898921850871355
27 162 0.9511096168668166 0.9511096168668166 0.9511096168668166 0.9511096168668166 0.22111169831825597 1.3968212544441099
28 168 0.9639752656822188 0.9639752656822188 0.9639752656822188 0.9639752656822188 0.22111169831825597 1.3968212544441099
29 174 0.9730046264701825 0.9730046264701825 0.9730046264701825 0.9730046264701825 0.16430268874798568 1.4046368308107908
30 180 0.961705170604745 0.961705170604745 0.961705170604745 0.961705170604745 0.16430268874798568 1.4046368308107908
31 186 0.9753489985685365 0.9753489985685365 0.9753489985685365 0.9753489985685365 0.1570063738561702 1.4054710948890186
32 192 0.9715330027267648 0.9715330027267648 0.9715330027267648 0.9715330027267648 0.1570063738561702 1.4054710948890186
33 198 0.9698158563345238 0.9698158563345238 0.9698158563345238 0.9698158563345238 0.17373584450387927 1.403501284764116
34 204 0.9830859238330901 0.9830859238330901 0.9830859238330901 0.9830859238330901 0.17373584450387927 1.403501284764116
35 210 0.9788408007709251 0.9788408007709251 0.9788408007709251 0.9788408007709251 0.1454620198851752 1.4067127641316564
36 216 0.9825487767642096 0.9825487767642096 0.9825487767642096 0.9825487767642096 0.1454620198851752 1.4067127641316564
37 222 0.975677973007144 0.975677973007144 0.975677973007144 0.975677973007144 0.15595520829025278 1.4055881235294867
38 228 0.9691433752112478 0.9691433752112478 0.9691433752112478 0.9691433752112478 0.15595520829025278 1.4055881235294867
39 234 0.9517986248382286 0.9517986248382286 0.9517986248382286 0.9517986248382286 0.219548115823779 1.3970678669406968
40 240 0.9512057290436117 0.9512057290436117 0.9512057290436117 0.9512057290436117 0.219548115823779 1.3970678669406968
41 246 0.9342808649812645 0.9342808649812645 0.9342808649812645 0.9342808649812645 0.25635743605118116 1.3907842625588143
42 252 0.9154145622849409 0.9154145622849409 0.9154145622849409 0.9154145622849409 0.25635743605118116 1.3907842625588143
43 258 0.9293780585240755 0.9293780585240755 0.9293780585240755 0.9293780585240755 0.26574789082121514 1.3890205392736552
44 264 0.8879224951205997 0.8879224951205997 0.8879224951205997 0.8879224951205997 0.26574789082121514 1.3890205392736552
45 270 0.9147313908870707 0.9147313908870707 0.9147313908870707 0.9147313908870707 0.29200789221000395 1.3837381944887808
46 276 0.923397298987219 0.923397298987219 0.923397298987219 0.923397298987219 0.29200789221000395 1.3837381944887808
47 282 0.923561085666111 0.923561085666111 0.923561085666111 0.923561085666111 0.2764758838197084 1.386925046881089
48 288 0.928403025798017 0.928403025798017 0.928403025798017 0.928403025798017 0.2764758838197084 1.386925046881089
49 294 0.854870739012916 0.854870739012916 0.854870739012916 0.854870739012916 0.3809583454750457 1.3619363931597233
50 300 0.8395961886586577 0.8395961886586577 0.8395961886586577 0.8395961886586577 0.3809583454750457 1.3619363931597233
51 306 0.8346399969084137 0.8346399969084137 0.8346399969084137 0.8346399969084137 0.40664481195705215 1.3544888323306374
52 312 0.8798513271581351 0.8798513271581351 0.8798513271581351 0.8798513271581351 0.40664481195705215 1.3544888323306374
53 318 0.7528657970662957 0.7528657970662957 0.7528657970662957 0.7528657970662957 0.4971259427285044 1.3239583819238034
54 324 0.7498862365772953 0.7498862365772953 0.7498862365772953 0.7498862365772953 0.4971259427285044 1.3239583819238034
55 330 0.7814126144971493 0.7814126144971493 0.7814126144971493 0.7814126144971493 0.4675332988171547 1.3346957010858878
56 336 0.7293322107039139 0.7293322107039139 0.7293322107039139 0.7293322107039139 0.4675332988171547 1.3346957010858878
57 342 0.7945085110121831 0.7945085110121831 0.7945085110121831 0.7945085110121831 0.453311690768964 1.3395926660788282
58 348 0.7075883358633472 0.7075883358633472 0.7075883358633472 0.7075883358633472 0.453311690768964 1.3395926660788282
59 354 0.6591481124283578 0.6591481124283578 0.6591481124283578 0.6591481124283578 0.583825220054463 1.2880792337540257
60 360 0.5821352164323724 0.5821352164323724 0.5821352164323724 0.5821352164323724 0.583825220054463 1.2880792337540257
61 366 0.5277863783841928 0.5277863783841928 0.5277863783841928 0.5277863783841928 0.6871780130474251 1.2360365602943113
62 372 0.5772510819928558 0.5772510819928558 0.5772510819928558 0.5772510819928558 0.6871780130474251 1.2360365602943113
63 378 0.5506788190053993 0.5506788190053993 0.5506788190053993 0.5506788190053993 0.6703142404832235 1.2452625502300305
64 384 0.5984695158798419 0.5984695158798419 0.5984695158798419 0.5984695158798419 0.6703142404832235 1.2452625502300305
65 390 0.6652744700845876 0.6652744700845876 0.6652744700845876 0.6652744700845876 0.5785546905137079 1.2904551406711462
66 396 0.634876824062322 0.634876824062322 0.634876824062322 0.634876824062322 0.5785546905137079 1.2904551406711462
67 402 0.5071986916687669 0.5071986916687669 0.5071986916687669 0.5071986916687669 0.7019980828543858 1.2276802074110207
68 408 0.370948813567286 0.370948813567286 0.370948813567286 0.370948813567286 0.7019980828543858 1.2276802074110207
69 414 0.1797697296223038 0.1797697296223038 0.1797697296223038 0.1797697296223038 0.9056656504349142 1.086172053416172
70 420 -0.015365169429413282 -0.015365169429413282 -0.015365169429413282 -0.015365169429413282 0.9056656504349142 1.086172053416172
71 426 -0.015274506339766607 -0.015274506339766607 -0.015274506339766607 -0.015274506339766607 0.9923333581313457 1.0076083099795112
72 432 0.02314742403885339 0.02314742403885339 0.02314742403885339 0.02314742403885339 0.9923333581313457 1.0076083099795112
73 438 0.001800569729809206 0.001800569729809206 0.001800569729809206 0.001800569729809206 0.9990993095134192 1.0008998799729216
74 444 0.11314721645879267 0.11314721645879267 0.11314721645879267 0.11314721645879267 0.9990993095134192 1.0008998799729216
75 450 0.06861920643120814 0.06861920643120814 0.06861920643120814 0.06861920643120814 0.9650807186804593 1.0337403960527072
76 456 -0.13172704419945236 -0.13172704419945236 -0.13172704419945236 -0.13172704419945236 0.9650807186804593 1.0337403960527072
77 462 -0.2873174323354047 -0.2873174323354047 -0.2873174323354047 -0.2873174323354047 0.8442052876312701 1.1346001200138331
78 468 -0.18890746433147393 -0.18890746433147393 -0.18890746433147393 -0.18890746433147393 0.8442052876312701 1.1346001200138331
79 474 -0.2464857023564688 -0.2464857023564688 -0.2464857023564688 -0.2464857023564688 0.8680520132132239 1.1164612408661883
80 480 -0.393909743338694 -0.393909743338694 -0.393909743338694 -0.393909743338694 0.8680520132132239 1.1164612408661883
81 486 -0.20375540212507626 -0.20375540212507626 -0.20375540212507626 -0.20375540212507626 0.8923253878910563 1.097157874749608
82 492 -0.0004654586138765613 -0.0004654586138765613 -0.0004654586138765613 -0.0004654586138765613 0.8923253878910563 1.097157874749608
83 498 0.01165297157534852 0.01165297157534852 0.01165297157534852 0.01165297157534852 0.9941564406192074 1.0058096100034781
84 504 0.01247980311051088 0.01247980311051088 0.01247980311051088 0.01247980311051088 0.9941564406192074 1.0058096100034781
85 510 -0.24761269183118922 -0.24761269183118922 -0.24761269183118922 -0.24761269183118922 0.8674026217211998 1.1169658418372468
86 516 -0.039836853597300825 -0.039836853597300825 -0.039836853597300825 -0.039836853597300825 0.8674026217211998 1.1169658418372468
87 522 0.10764272201456146 0.10764272201456146 0.10764272201456146 0.10764272201456146 0.944646641864268 1.0524460660834651
88 528 0.10893305383021085 0.10893305383021085 0.10893305383021085 0.10893305383021085 0.944646641864268 1.0524460660834651
89 534 0.292048997545312 0.292048997545312 0.292048997545312 0.292048997545312 0.8413982424837172 1.1366833321313865
90 540 0.14336736686954749 0.14336736686954749 0.14336736686954749 0.14336736686954749 0.8413982424837172 1.1366833321313865
91 546 0.011246170984745249 0.011246170984745249 0.011246170984745249 0.011246170984745249 0.9943610154341606 1.0056073642255934
92 552 0.0644860886260773 0.0644860886260773 0.0644860886260773 0.0644860886260773 0.9943610154341606 1.0056073642255934
93 558 0.05864028535790778 0.05864028535790778 0.05864028535790778 0.05864028535790778 0.9702369373725639 1.0289024663970379
94 564 -0.06443646943037465 -0.06443646943037465 -0.06443646943037465 -0.06443646943037465 0.9702369373725639 1.0289024663970379
95 570 -0.026547516415236942 -0.026547516415236942 -0.026547516415236942 -0.026547516415236942 0.9866369563242415 1.0131868121996244
96 576 -0.2543923667654602 -0.2543923667654602 -0.2543923667654602 -0.2543923667654602 0.9866369563242415 1.0131868121996244
97 582 -0.24234531135695173 -0.24234531135695173 -0.24234531135695173 -0.24234531135695173 0.8704336210435857 1.1146054509811765
98 588 -0.21062583100705054 -0.21062583100705054 -0.21062583100705054 -0.21062583100705054 0.8704336210435857 1.1146054509811765
99 594 -0.09324684528624748 -0.09324684528624748 -0.09324684528624748 -0.09324684528624748 0.9522358713647332 1.0455844515323702
100 600 -0.21494104654443874 -0.21494104654443874 -0.21494104654443874 -0.21494104654443874 0.9522358713647332 1.0455844515323702
101 606 -0.14902353345774172 -0.14902353345774172 -0.14902353345774172 -0.14902353345774172 0.9224838570632324 1.07192515291775
102 612 -0.17299591310478604 -0.17299591310478604 -0.17299591310478604 -0.17299591310478604 0.9224838570632324 1.07192515291775
103 618 -0.28423547856315323 -0.28423547856315323 -0.28423547856315323 -0.28423547856315323 0.8460286764861146 1.1332411387534223
104 624 -0.3956455496026673 -0.3956455496026673 -0.3956455496026673 -0.3956455496026673 0.8460286764861146 1.1332411387534223
105 630 -0.40967933249671157 -0.40967933249671157 -0.40967933249671157 -0.40967933249671157 0.7683232831974366 1.1872991756489648
106 636 -0.4793811896662638 -0.4793811896662638 -0.4793811896662638 -0.4793811896662638 0.7683232831974366 1.1872991756489648
107 642 -0.4715498711439644 -0.4715498711439644 -0.4715498711439644 -0.4715498711439644 0.7269457537230928 1.213074553003221
108 648 -0.541429206087282 -0.541429206087282 -0.541429206087282 -0.541429206087282 0.7269457537230928 1.213074553003221
109 654 -0.7157461541046092 -0.7157461541046092 -0.7157461541046092 -0.7157461541046092 0.5331546172503722 1.309864937352172
110 660 -0.5930044699948938 -0.5930044699948938 -0.5930044699948938 -0.5930044699948938 0.5331546172503722 1.309864937352172
111 666 -0.5423250903042723 -0.5423250903042723 -0.5423250903042723 -0.5423250903042723 0.6765167475352902 1.2419038168490635
112 672 -0.5340277465831348 -0.5340277465831348 -0.5340277465831348 -0.5340277465831348 0.6765167475352902 1.2419038168490635
113 678 -0.49825241492444466 -0.49825241492444466 -0.49825241492444466 -0.49825241492444466 0.7083414325560488 1.224031214848888
114 684 0.048743943284619146 0.048743943284619146 0.048743943284619146 0.048743943284619146 0.7083414325560488 1.224031214848888
115 690 -0.006612982499164125 -0.006612982499164125 -0.006612982499164125 -0.006612982499164125 0.9966880241584304 1.0033010428077727
116 696 -0.07786381593904773 -0.07786381593904773 -0.07786381593904773 -0.07786381593904773 0.9966880241584304 1.0033010428077727
117 702 -0.2306365464139138 -0.2306365464139138 -0.2306365464139138 -0.2306365464139138 0.8771336577660704 1.1093405908078517
118 708 -0.26414360969193595 -0.26414360969193595 -0.26414360969193595 -0.26414360969193595 0.8771336577660704 1.1093405908078517
119 714 -0.189543585700058 -0.189543585700058 -0.189543585700058 -0.189543585700058 0.9002535277908894 1.0906619942493907
120 720 -0.06188101305731322 -0.06188101305731322 -0.06188101305731322 -0.06188101305731322 0.9002535277908894 1.0906619942493907
121 726 0.07263798541171392 0.07263798541171392 0.07263798541171392 0.07263798541171392 0.9629963730919686 1.0356823767022947
122 732 -0.10303939973769757 -0.10303939973769757 -0.10303939973769757 -0.10303939973769757 0.9629963730919686 1.0356823767022947
122 732 -0.10303939973769757 -0.10303939973769757 -0.10303939973769757 -0.10303939973769757 0.9629963730919686 1.0356823767022947
