% # columns="iteration, evaluation, sigma, max axis length,  min axis length, all principal axes lengths  (sorted square roots of eigenvalues of C)", seed=267880, Wed Sep 23 10:46:36 2026
1 6 0.9549148455141557 1.0000250003125026 1.0 1.0 1.0000250003125026
2 12 0.718339875478931 1.076543065466255 0.9406377010544994 0.9406377010544994 1.076543065466255
3 18 0.5782870006723466 1.0156659129864298 0.7758183824972797 0.7758183824972797 1.0156659129864298
4 24 0.5174884111766718 0.8829709497272551 0.6912234004604484 0.6912234004604484 0.8829709497272551
5 30 0.4292617533139076 0.8232281758140029 0.6080257120926614 0.6080257120926614 0.8232281758140029
6 36 0.4331137789085669 0.8103924179917561 0.5660558063973722 0.5660558063973722 0.8103924179917561
7 42 0.4039648748166746 0.8716382389921399 0.4845855149535275 0.4845855149535275 0.8716382389921399
8 48 0.3812064217810569 0.8706314848258067 0.3969730344008015 0.3969730344008015 0.8706314848258067
9 54 0.3025865561385464 0.8345045741790929 0.38282283810609113 0.38282283810609113 0.8345045741790929
10 60 0.24123133082802842 0.8103548377676136 0.31670773468038066 0.31670773468038066 0.8103548377676136
11 66 0.19729448166619704 0.7214246259406099 0.27811939785207673 0.27811939785207673 0.7214246259406099
12 72 0.16909216487590817 0.698094279640326 0.23125174235464793 0.23125174235464793 0.698094279640326
13 78 0.20574085966768385 0.6678490672027498 0.1989610918136618 0.1989610918136618 0.6678490672027498
14 84 0.22334619911501888 0.8138211387878355 0.1770277688126468 0.1770277688126468 0.8138211387878355
15 90 0.25104299068946667 0.8059592385194512 0.16037496489826486 0.16037496489826486 0.8059592385194512
16 96 0.2698208285565292 0.8405801460896526 0.14576501117533372 0.14576501117533372 0.8405801460896526
17 102 0.40685299958144167 0.7413093508608878 0.15640972121715288 0.15640972121715288 0.7413093508608878
18 108 0.5221258905375739 0.7422552450110306 0.15832004374481934 0.15832004374481934 0.7422552450110306
19 114 0.5188830190769673 0.730287948836024 0.14164457516573883 0.14164457516573883 0.730287948836024
20 120 0.4098037477256458 0.6246555678184048 0.13643396225983226 0.13643396225983226 0.6246555678184048
21 126 0.40200700459773936 0.5637348587707132 0.12548677348517626 0.12548677348517626 0.5637348587707132
22 132 0.5128433873934729 0.49531770999523445 0.13044709976657584 0.13044709976657584 0.49531770999523445
23 138 0.5706481095302579 0.5776569892827987 0.11499300251560905 0.11499300251560905 0.5776569892827987
24 144 0.4641403547527939 0.5050753328530048 0.11693409878355154 0.11693409878355154 0.5050753328530048
25 150 0.3651446329609523 0.4696404281274566 0.09893899288829643 0.09893899288829643 0.4696404281274566
26 156 0.43619670141180544 0.44161685924566263 0.08296204650428976 0.08296204650428976 0.44161685924566263
27 162 0.44171584300083916 0.5063236131507726 0.07797096482946161 0.07797096482946161 0.5063236131507726
28 168 0.43093299980147554 0.4721188037285757 0.07345527366119026 0.07345527366119026 0.4721188037285757
29 174 0.3304585100709197 0.4691682559290748 0.06211479340831013 0.06211479340831013 0.4691682559290748
30 180 0.39298949147125245 0.4400524082582967 0.050550012873724605 0.050550012873724605 0.4400524082582967
31 186 0.3458076321607562 0.42976559502843853 0.05846404495463737 0.05846404495463737 0.42976559502843853
32 192 0.24555388669822734 0.4326441026224734 0.04743455505984992 0.04743455505984992 0.4326441026224734
33 198 0.21923202577487905 0.3648047313350474 0.04322798067279833 0.04322798067279833 0.3648047313350474
34 204 0.2513007264057397 0.3359004859127156 0.04108007831730491 0.04108007831730491 0.3359004859127156
35 210 0.20398986442323774 0.39778783507393994 0.036476369921798035 0.036476369921798035 0.39778783507393994
36 216 0.18548683017913836 0.336507573961711 0.034645415523299104 0.034645415523299104 0.336507573961711
37 222 0.15251229564079322 0.3214376723469313 0.030096913868200296 0.030096913868200296 0.3214376723469313
38 228 0.1287954878098208 0.2650297800129291 0.029399462639553866 0.029399462639553866 0.2650297800129291
39 234 0.09640829087469317 0.22667106002930587 0.028374683110635852 0.028374683110635852 0.22667106002930587
40 240 0.08568692927344224 0.1777263374888698 0.027929051620709827 0.027929051620709827 0.1777263374888698
41 246 0.08299482281867691 0.1633325108857209 0.02580436818503512 0.02580436818503512 0.1633325108857209
42 252 0.09492170884344882 0.1416652907032492 0.026000556637718122 0.026000556637718122 0.1416652907032492
43 258 0.07986370838465068 0.13593664755960327 0.028306307748216485 0.028306307748216485 0.13593664755960327
44 264 0.07881119754703858 0.12882894399968364 0.024171590942063562 0.024171590942063562 0.12882894399968364
45 270 0.09243096241638132 0.10743031508873671 0.025286275354136214 0.025286275354136214 0.10743031508873671
46 276 0.10911107617187728 0.12165574901930723 0.02301920363893185 0.02301920363893185 0.12165574901930723
47 282 0.11187277528973574 0.1250835435044904 0.020921378665208518 0.020921378665208518 0.1250835435044904
48 288 0.10938429968187949 0.11800705940782366 0.018954469351402905 0.018954469351402905 0.11800705940782366
49 294 0.14989261225274775 0.11270679963721411 0.017248548815527405 0.017248548815527405 0.11270679963721411
50 300 0.11766496534894812 0.10487717119507196 0.021454430597537648 0.021454430597537648 0.10487717119507196
51 306 0.09889443412438642 0.09646572352054415 0.02003019479253394 0.02003019479253394 0.09646572352054415
52 312 0.09361044233769454 0.08651374705962289 0.01845217021474149 0.01845217021474149 0.08651374705962289
53 318 0.10730586718865014 0.09070700630800367 0.014711948097639708 0.014711948097639708 0.09070700630800367
54 324 0.1105157882791765 0.07547212096718642 0.017038338759727024 0.017038338759727024 0.07547212096718642
55 330 0.08778127770321315 0.07703017840310317 0.01433439194576658 0.01433439194576658 0.07703017840310317
56 336 0.16401110632429342 0.0714414172209515 0.012380930553279098 0.012380930553279098 0.0714414172209515
57 342 0.16371077933646933 0.07336553679736846 0.014518119911610117 0.014518119911610117 0.07336553679736846
58 348 0.1322366171482228 0.07125669830197535 0.011226101236511755 0.011226101236511755 0.07125669830197535
59 354 0.15421415474011424 0.056139099916054716 0.01130781249796351 0.01130781249796351 0.056139099916054716
60 360 0.17043106378804168 0.05661633107221366 0.011553134337565371 0.011553134337565371 0.05661633107221366
61 366 0.15353523859313564 0.05367114836516872 0.011483519973518683 0.011483519973518683 0.05367114836516872
62 372 0.14576132070371553 0.047954996948520845 0.011541414066610783 0.011541414066610783 0.047954996948520845
63 378 0.1153931982217798 0.05163443523919766 0.00935623895562912 0.00935623895562912 0.05163443523919766
64 384 0.09866703011804744 0.045116886710016124 0.008334738267390143 0.008334738267390143 0.045116886710016124
65 390 0.08527097750593844 0.03821987884616577 0.007858357645346425 0.007858357645346425 0.03821987884616577
66 396 0.0759167923919073 0.03499704711322369 0.007102463196879049 0.007102463196879049 0.03499704711322369
67 402 0.08972004436247073 0.03200412861005977 0.00645935392934736 0.00645935392934736 0.03200412861005977
68 408 0.10063955315288325 0.03413844289825529 0.006200276185535829 0.006200276185535829 0.03413844289825529
69 414 0.10599488886336562 0.031109856494639553 0.006472397805555638 0.006472397805555638 0.031109856494639553
70 420 0.11443286704642616 0.029297511788752808 0.006102444876595332 0.006102444876595332 0.029297511788752808
71 426 0.10357152096706866 0.028360011326443925 0.005828005758505385 0.005828005758505385 0.028360011326443925
72 432 0.08831609266976997 0.02711226833304139 0.0050380751079937384 0.0050380751079937384 0.02711226833304139
73 438 0.08555546627874291 0.0253533845113093 0.00464308217080756 0.00464308217080756 0.0253533845113093
74 444 0.07310682525296466 0.02393623807899103 0.004408618588859936 0.004408618588859936 0.02393623807899103
75 450 0.06635813769143967 0.023708655239714965 0.003612946558697469 0.003612946558697469 0.023708655239714965
76 456 0.05883148533533103 0.023317638872105848 0.0031859122666270984 0.0031859122666270984 0.023317638872105848
77 462 0.04265179990474851 0.020884092120478148 0.0030185491430077863 0.0030185491430077863 0.020884092120478148
78 468 0.03815898682661399 0.017901888010631486 0.0026815443464373936 0.0026815443464373936 0.017901888010631486
79 474 0.037813747055546375 0.01638811032971399 0.0024626236224059113 0.0024626236224059113 0.01638811032971399
80 480 0.031211698960415247 0.014847526718758724 0.0024865155462650283 0.0024865155462650283 0.014847526718758724
81 486 0.025022893757292115 0.012153568357501586 0.002414341955592994 0.002414341955592994 0.012153568357501586
82 492 0.024455003631478817 0.010560298743152834 0.002215635280891361 0.002215635280891361 0.010560298743152834
83 498 0.01814736777009594 0.011006212781286544 0.001888580852626963 0.001888580852626963 0.011006212781286544
84 504 0.0159419900362665 0.010001743723856728 0.0016048272389058511 0.0016048272389058511 0.010001743723856728
85 510 0.013979678036074028 0.009775856579182283 0.0014493185850306756 0.0014493185850306756 0.009775856579182283
86 516 0.013234270264623194 0.009843899185855244 0.001182405752727423 0.001182405752727423 0.009843899185855244
87 522 0.012612949641587818 0.008089373478994577 0.0012522572176358994 0.0012522572176358994 0.008089373478994577
88 528 0.010137949625563443 0.0073642143295686285 0.0013180725223093874 0.0013180725223093874 0.0073642143295686285
89 534 0.007709974505536553 0.007140074708109388 0.0010545838566039913 0.0010545838566039913 0.007140074708109388
90 540 0.00679232189439841 0.006446960703130165 0.0008833624747064048 0.0008833624747064048 0.006446960703130165
91 546 0.00639649466750746 0.0053689126153095325 0.0008743690449453493 0.0008743690449453493 0.0053689126153095325
92 552 0.005631999571239203 0.005396803544968356 0.0007584163982448524 0.0007584163982448524 0.005396803544968356
93 558 0.004977464764237544 0.005233875493249345 0.0006262686205411098 0.0006262686205411098 0.005233875493249345
94 564 0.004060116486427514 0.005033808952647593 0.0005576304770687439 0.0005576304770687439 0.005033808952647593
95 570 0.0034974485912398242 0.004355842231614097 0.0005246036424469476 0.0005246036424469476 0.004355842231614097
96 576 0.002763116482104843 0.004214192154316826 0.0004454338551021187 0.0004454338551021187 0.004214192154316826
97 582 0.0026983561374293403 0.003967270225820494 0.00036010363670369873 0.00036010363670369873 0.003967270225820494
98 588 0.0026137708526592254 0.0035718480872261368 0.0003626488872458653 0.0003626488872458653 0.0035718480872261368
99 594 0.0024946174018404435 0.0036815575329811733 0.0003156346394132338 0.0003156346394132338 0.0036815575329811733
100 600 0.0021222909486998645 0.0032583802969402853 0.00033598202911488 0.00033598202911488 0.0032583802969402853
101 606 0.0017834258128436474 0.002707513998765276 0.00031719096652786346 0.00031719096652786346 0.002707513998765276
102 612 0.0016578290332369956 0.00269628745075488 0.0002609490053469896 0.0002609490053469896 0.00269628745075488
103 618 0.001296127846935215 0.0025077200878719378 0.000262350338936601 0.000262350338936601 0.0025077200878719378
104 624 0.0009635447245829961 0.0022199983147981185 0.00023243633807259982 0.00023243633807259982 0.0022199983147981185
105 630 0.0008714641758725586 0.0018825783397629604 0.0002079535942814526 0.0002079535942814526 0.0018825783397629604
106 636 0.0007487260186530306 0.0016808934111519722 0.0002014923337263503 0.0002014923337263503 0.0016808934111519722
107 642 0.0005818089232903748 0.0015051403635191341 0.0001805043176533132 0.0001805043176533132 0.0015051403635191341
108 648 0.0005260871381646193 0.0013308270018995594 0.00016015251427035744 0.00016015251427035744 0.0013308270018995594
109 654 0.0005509079254458344 0.0012776912375479673 0.00014240570028090349 0.00014240570028090349 0.0012776912375479673
110 660 0.0004338765571995339 0.0014603437517808587 0.00012005579442732576 0.00012005579442732576 0.0014603437517808587
111 666 0.0003437215556899204 0.0011745034530550352 0.00011501765142389763 0.00011501765142389763 0.0011745034530550352
112 672 0.00035271653233540394 0.0010640538713711813 0.00010104072547337383 0.00010104072547337383 0.0010640538713711813
113 678 0.00031947743083303177 0.000952061026757319 0.00010808157537721682 0.00010808157537721682 0.000952061026757319
114 684 0.0004698632423918709 0.0008882760515248704 9.669777651498973e-05 9.669777651498973e-05 0.0008882760515248704
115 690 0.0005001421843093636 0.0008341887618620686 0.00012616788066956578 0.00012616788066956578 0.0008341887618620686
116 696 0.0003963043679602713 0.0007872496122493255 0.00011964339449850519 0.00011964339449850519 0.0007872496122493255
117 702 0.00032630784316575707 0.0007395368938077056 0.00010001814964936057 0.00010001814964936057 0.0007395368938077056
118 708 0.0002718766287041446 0.000714386195859803 8.22476364166764e-05 8.22476364166764e-05 0.000714386195859803
119 714 0.00024040627996807872 0.0006660758523414651 7.058530832966642e-05 7.058530832966642e-05 0.0006660758523414651
120 720 0.00025010427654497904 0.0005242732674077094 7.312900191033236e-05 7.312900191033236e-05 0.0005242732674077094
121 726 0.00021968905022622898 0.0005537483390978261 6.473306512978837e-05 6.473306512978837e-05 0.0005537483390978261
122 732 0.0001923564551553561 0.0004672250684885695 6.197945845558573e-05 6.197945845558573e-05 0.0004672250684885695
122 732 0.0001923564551553561 0.0004672250684885695 6.197945845558573e-05 6.197945845558573e-05 0.0004672250684885695
