% # columns="iteration, evaluation, sigma, axis ratio, bestever, best, median, worst objective function value, interquartile range, further/more values", seed=267880, Wed Sep 23 10:46:36 2026, <python>{}</python>
1 6 0.9549148455141557 1.0000250003125026 5.757871101929924 5.7578711019299238e+00 45.133142560846416 91.95424322218922 70.81159808720955   
2 12 0.718339875478931 1.144482157433621 2.7636885183341313 2.7636885183341313e+00 74.33546206770619 267.9473105527427 94.31715874013233   
3 18 0.5782870006723466 1.3091542246229144 1.2664642073195007 1.2664642073195007e+00 2.7121677180871053 28.444898238123304 4.095498399688509   
4 24 0.5174884111766718 1.2774031509047248 1.2146075015879505 1.2146075015879505e+00 10.394885952547241 20.028353477420087 9.170813611330622   
5 30 0.4292617533139076 1.3539364527540658 1.2146075015879505 1.8583567618216197e+00 3.035396630850874 26.6172305732496 0.888265859909461   
6 36 0.4331137789085669 1.4316475669589002 0.6336850722935269 6.3368507229352689e-01 1.8177645787657828 5.046426366041586 2.1074919161270307   
7 42 0.4039648748166746 1.7987294545437071 0.6336850722935269 8.3716502961336559e-01 2.452563776710171 11.80837560374207 3.198596979416428   
8 48 0.3812064217810569 2.1931753781209697 0.6336850722935269 1.1801732052146767e+00 1.8190637035402863 7.402122429238756 1.5216844913831828   
9 54 0.3025865561385464 2.1798714473451235 0.5547730496696315 5.5477304966963148e-01 2.3149358300385683 3.7398257635801637 1.6735733745035928   
10 60 0.24123133082802842 2.5586834454340637 0.5547730496696315 7.5326384091112175e-01 0.9538376279454575 14.326463489301206 0.5324788956240271   
11 66 0.19729448166619704 2.593938544064854 0.5547730496696315 6.8996517901874554e-01 1.304620592260501 1.727267319512317 0.6231253411394974   
12 72 0.16909216487590817 3.018763329228144 0.5547730496696315 6.0610129157592585e-01 0.9874576779736742 1.175913606319939 0.3292847400219382   
13 78 0.20574085966768385 3.3566817567940763 0.5068493062479767 5.0684930624797675e-01 0.5981166535806539 0.8594978559539697 0.22567713063869732   
14 84 0.22334619911501888 4.597138314775486 0.46256307023494175 4.6256307023494175e-01 0.5630763609390916 0.6992312420001148 0.14042968399356787   
15 90 0.25104299068946667 5.025467902865748 0.46256307023494175 4.7307398363301345e-01 0.8048744538999234 1.792420504544256 0.242967496861207   
16 96 0.2698208285565292 5.766679804103052 0.4073330999450939 4.0733309994509392e-01 0.5434857120328134 1.04715473920636 0.13427574471225007   
17 102 0.40685299958144167 4.739535017978096 0.3124454714040423 3.1244547140404227e-01 0.47326973592929505 0.6572558709523384 0.17529226048980961   
18 108 0.5221258905375739 4.688321373934178 0.3124454714040423 6.8782616652188966e-01 1.0810725744840994 8.966949644847045 0.9067549261810959   
19 114 0.5188830190769673 5.15577774850545 0.2946476772212881 2.9464767722128810e-01 1.2162556469022627 3.210297113482507 1.0763037987678108   
20 120 0.4098037477256458 4.578446286187722 0.2946476772212881 4.4261941411623551e-01 0.9804483529696153 1.6656532397660886 0.8635561183470412   
21 126 0.40200700459773936 4.492384680185495 0.20395388820981852 2.0395388820981852e-01 0.3692383261462864 0.4828427525067873 0.21231735366472676   
22 132 0.5128433873934729 3.7970772127671983 0.1840579119588332 1.8405791195883320e-01 0.2719302925219127 0.48179370399328514 0.18079087826596682   
23 138 0.5706481095302579 5.0234099175242255 0.12278118698775947 1.2278118698775947e-01 0.2744057411747056 1.4163319865569581 0.20462657179061514   
24 144 0.4641403547527939 4.319316077236923 0.12278118698775947 2.0785274238353976e-01 0.4128588521397434 1.1053663264797173 0.26414323469482925   
25 150 0.3651446329609523 4.746767825478955 0.12278118698775947 1.5004022585974175e-01 0.36888377244815573 0.6954959986983462 0.1924974871232536   
26 156 0.43619670141180544 5.3231191593474945 0.08738374934133981 8.7383749341339814e-02 0.30067609894743547 0.5486247784370126 0.23925297534173098   
27 162 0.44171584300083916 6.493745643114786 0.08738374934133981 2.0464343756264969e-01 0.3342775555172654 0.42726889528646417 0.10523073901737462   
28 168 0.43093299980147554 6.427296233435958 0.07308321875594269 7.3083218755942689e-02 0.15846218581421437 0.3062208033605912 0.1126090429964154   
29 174 0.3304585100709197 7.553245051384271 0.07308321875594269 8.8951655657129508e-02 0.1504887659617027 0.545655566433645 0.16880050768786775   
30 180 0.39298949147125245 8.70528775843362 0.07308321875594269 7.7985304260632354e-02 0.11863602019919847 0.18750979343526158 0.04070116399190707   
31 186 0.3458076321607562 7.350938433389213 0.05948927305771656 5.9489273057716563e-02 0.10049196805251226 0.1096546247121453 0.01535537881305904   
32 192 0.24555388669822734 9.120863515565613 0.05948927305771656 6.3752611173452767e-02 0.09653964936778828 0.18655653333252456 0.05821829010811186   
33 198 0.21923202577487905 8.43908796240868 0.05102324332962123 5.1023243329621229e-02 0.06962555932990493 0.1423717199640207 0.014825885036780825   
34 204 0.2513007264057397 8.176724574821906 0.04092289661986992 4.0922896619869920e-02 0.08073033509530587 0.10965836644732148 0.05578492357166028   
35 210 0.20398986442323774 10.905356972932347 0.04092289661986992 4.8107198729553498e-02 0.05434433112893727 0.5733922769765205 0.022871868075076497   
36 216 0.18548683017913836 9.712903392236962 0.04092289661986992 4.1685370860232669e-02 0.054549864315612 0.05568132084332203 0.01140186015253477   
37 222 0.15251229564079322 10.680087458619967 0.04092289661986992 4.3888629334185913e-02 0.0539954087731536 0.07293671800917759 0.012182013975358189   
38 228 0.1287954878098208 9.014783136082208 0.04092289661986992 4.4513050107697488e-02 0.04769050146366405 0.13808828739781376 0.00800136568354902   
39 234 0.09640829087469317 7.988496616701999 0.04092289661986992 4.2537914246609333e-02 0.04403711835908668 0.06925850907976785 0.00517063673549812   
40 240 0.08568692927344224 6.363493465602782 0.04092289661986992 4.1648622902719562e-02 0.044138798385822825 0.047742771438040274 0.0019808625057092313   
41 246 0.08299482281867691 6.329645807039883 0.04092289661986992 4.1738930036184632e-02 0.04269188289428404 0.04305168047006559 0.0007696487501658578   
42 252 0.09492170884344882 5.448548378296647 0.04092289661986992 4.1603061003749636e-02 0.04199904943927559 0.04239585483175649 0.0002700711161221295   
43 258 0.07986370838465068 4.8023447200798675 0.04092289661986992 4.1325348876593428e-02 0.04373407472524 0.04432390434315397 0.002318693749896239   
44 264 0.07881119754703858 5.329766845238749 0.04092289661986992 4.1247295137135952e-02 0.041677395595356576 0.04346399662456791 0.0005040579678606133   
45 270 0.09243096241638132 4.248562256962204 0.04083830006000482 4.0838300060004822e-02 0.04213755115061794 0.0424035638591653 0.0005605572681235196   
46 276 0.10911107617187728 5.284967756814734 0.040647475092813044 4.0647475092813044e-02 0.04133231219983112 0.04494933236703433 0.0006239610308562404   
47 282 0.11187277528973574 5.978742869010814 0.04058030620007337 4.0580306200073371e-02 0.04138335073805856 0.04375953919184927 0.0013473501622344383   
48 288 0.10938429968187949 6.225817099917357 0.04047382303303475 4.0473823033034748e-02 0.041120779170178916 0.04182529339249022 0.0007023836798363409   
49 294 0.14989261225274775 6.534277221962798 0.04016369783070453 4.0163697830704531e-02 0.040499276872959504 0.041491964931533114 0.0006171108964108246   
50 300 0.11766496534894812 4.888368895099404 0.04016369783070453 4.0577276890632806e-02 0.04238921872944166 0.044730145660377904 0.002721694907947582   
51 306 0.09889443412438642 4.816015246966086 0.04016369783070453 4.0504088773175524e-02 0.04109454649154486 0.041638249699084647 0.0004692675912596478   
52 312 0.09361044233769454 4.688540483466103 0.04016369783070453 4.0438386101748429e-02 0.040951550899223914 0.042343999822410584 0.0009112434996576546   
53 318 0.10730586718865014 6.1655333274698085 0.04016369783070453 4.0214141573916722e-02 0.040546249399926314 0.04118938431342934 0.0007562211596213175   
54 324 0.1105157882791765 4.42954691953757 0.040139472003386155 4.0139472003386155e-02 0.04078257688020181 0.04171383612158475 0.0010779119360015202   
55 330 0.08778127770321315 5.373801602086981 0.040139472003386155 4.0226084587474197e-02 0.04045536080006657 0.04054148289826853 0.00018273100193889197   
56 336 0.16401110632429342 5.770278487026179 0.040094039919783206 4.0094039919783206e-02 0.040328459641499524 0.04051926881527206 0.000400948763246714   
57 342 0.16371077933646933 5.053377244714597 0.04002993799693727 4.0029937996937270e-02 0.040345038065279046 0.040610305784385785 0.0004887082241627622   
58 348 0.1322366171482228 6.3474127660830435 0.04000679007212933 4.0006790072129331e-02 0.04034071811330797 0.04066401728796748 0.0003176236669808902   
59 354 0.15421415474011424 4.964629536098617 0.04000679007212933 4.0018651577203967e-02 0.04011009446505125 0.040309154959888675 0.00013062935206020754   
60 360 0.17043106378804168 4.900516986816635 0.04000679007212933 4.0058779422910661e-02 0.04013919363778427 0.04071422389318687 0.00017688498399469343   
61 366 0.15353523859313564 4.673754083150103 0.04000679007212933 4.0070428717344238e-02 0.04056243961887438 0.04063302543391302 0.0004278313826734659   
62 372 0.14576132070371553 4.155036520806775 0.04000679007212933 4.0042371924632406e-02 0.04009013255572258 0.040556036627997304 0.00016326425502137532   
63 378 0.1153931982217798 5.518717027650532 0.04000679007212933 4.0023712583685089e-02 0.0401447655035419 0.040409975009015955 0.00013000285093708874   
64 384 0.09866703011804744 5.413113797050712 0.04000679007212933 4.0032961869603471e-02 0.040091611034797726 0.04020784083983211 5.183507852116187e-05   
65 390 0.08527097750593844 4.8635962590477 0.04000679007212933 4.0023063092193750e-02 0.04006262434036935 0.04018442916181648 9.509172447058623e-05   
66 396 0.0759167923919073 4.927452088537682 0.04000679007212933 4.0013027873890668e-02 0.04002674171697571 0.04014552026729611 3.862880292485743e-05   
67 402 0.08972004436247073 4.954694998930552 0.040004929184818204 4.0004929184818204e-02 0.04001110032950093 0.04002718360247966 1.161088442292596e-05   
68 408 0.10063955315288325 5.505955198882005 0.040001350708551195 4.0001350708551195e-02 0.040013777208981485 0.04008325326452829 3.396920164348144e-05   
69 414 0.10599488886336562 4.806542710946497 0.04000099941310089 4.0000999413100889e-02 0.04001889077652604 0.04004556616027874 2.0495779976988093e-05   
70 420 0.11443286704642616 4.800946568336466 0.04000099941310089 4.0007163481577485e-02 0.040029426805676525 0.04005807794122065 3.881968342878822e-05   
71 426 0.10357152096706866 4.8661604846658495 0.04000099941310089 4.0012042604006752e-02 0.0400293136456683 0.04005668689113431 1.5077929373392973e-05   
72 432 0.08831609266976997 5.381473628692692 0.040000185214562334 4.0000185214562334e-02 0.04002607511905636 0.04003773018446926 2.5034543242728746e-05   
73 438 0.08555546627874291 5.460464316292652 0.040000077053013394 4.0000077053013394e-02 0.04000500250654223 0.040026121900212014 2.6382896359325447e-06   
74 444 0.07310682525296466 5.429419124501972 0.040000077053013394 4.0002424815290788e-02 0.04000370721143462 0.0400070248495148 3.6592471335250565e-06   
75 450 0.06635813769143967 6.562138369481544 0.040000077053013394 4.0000511685858525e-02 0.0400026845812759 0.04001673925370981 3.6204509706525e-06   
76 456 0.05883148533533103 7.318983361959323 0.040000077053013394 4.0000102896852394e-02 0.040008090977648174 0.04001256562134143 4.389722898581749e-06   
77 462 0.04265179990474851 6.918586092545281 0.040000077053013394 4.0000219795738687e-02 0.04000257495141067 0.04000369911433474 2.425944196228491e-06   
78 468 0.03815898682661399 6.6759619449946115 0.04000000248826694 4.0000002488266941e-02 0.040000326821713623 0.04000307056518822 7.081403541539522e-07   
79 474 0.037813747055546375 6.6547361036451385 0.04000000248826694 4.0000247398301131e-02 0.040001493633143266 0.040003350439153276 1.7357719724817033e-06   
80 480 0.031211698960415247 5.9712181333678185 0.04000000248826694 4.0000017533744388e-02 0.040000218932597885 0.04000048737370149 4.0823518038246576e-07   
81 486 0.025022893757292115 5.033905130690781 0.04000000248826694 4.0000055542887596e-02 0.04000028365045371 0.04000057753388748 1.5463005178378841e-07   
82 492 0.024455003631478817 4.766262224757665 0.04000000248826694 4.0000022068160883e-02 0.04000034823161413 0.04000057690929871 3.127478322428878e-07   
83 498 0.01814736777009594 5.827768912290523 0.040000000227630866 4.0000000227630866e-02 0.040000067546653556 0.040000215248474955 4.5214219632216945e-08   
84 504 0.0159419900362665 6.232286866389293 0.040000000227630866 4.0000022687413025e-02 0.040000114888435835 0.04000023854501058 1.4503831597539873e-07   
85 510 0.013979678036074028 6.745139874802179 0.040000000227630866 4.0000004476434176e-02 0.040000045044925756 0.040000076932454075 4.7667376913695936e-08   
86 516 0.013234270264623194 8.325314016063091 0.040000000227630866 4.0000010956497710e-02 0.040000026851639975 0.040000067178949286 3.2675676456261904e-08   
87 522 0.012612949641587818 6.459833782604402 0.040000000227630866 4.0000010338353181e-02 0.04000003261315056 0.04000011606207473 3.2719252876511895e-08   
88 528 0.010137949625563443 5.587108603603867 0.040000000227630866 4.0000000306746226e-02 0.04000000606076947 0.040000041048315144 3.0990903697458716e-08   
89 534 0.007709974505536553 6.7705139457587675 0.040000000227630866 4.0000000573426557e-02 0.04000000402615263 0.040000006257305494 4.245751847320456e-09   
90 540 0.00679232189439841 7.29820530951678 0.040000000227630866 4.0000000315589548e-02 0.04000000166594098 0.04000001529503206 8.450346297705913e-09   
91 546 0.00639649466750746 6.1403278699614825 0.040000000039825984 4.0000000039825984e-02 0.040000001629973914 0.0400000026668178 1.5085662372071873e-09   
92 552 0.005631999571239203 7.115884568764315 0.040000000039825984 4.0000000191985297e-02 0.04000000133583585 0.04000000403966163 1.5551728099749695e-09   
93 558 0.004977464764237544 8.357237328491983 0.040000000020103246 4.0000000020103246e-02 0.04000000107589622 0.040000002555836946 1.628753618088119e-09   
94 564 0.004060116486427514 9.027141018382737 0.040000000020103246 4.0000000347349858e-02 0.04000000083900309 0.04000000156729752 1.1998628687837076e-09   
95 570 0.0034974485912398242 8.303110918743949 0.04000000000799717 4.0000000007997173e-02 0.040000000400683106 0.040000000897337094 3.986159249902421e-10   
96 576 0.002763116482104843 9.460870802805715 0.040000000001851284 4.0000000001851284e-02 0.04000000019157969 0.04000000091326268 2.732562301432928e-10   
97 582 0.0026983561374293403 11.017023493947251 0.040000000001851284 4.0000000020522154e-02 0.04000000008745697 0.04000000043105924 2.0411023565758413e-10   
98 588 0.0026137708526592254 9.849328683599486 0.040000000001851284 4.0000000030936067e-02 0.0400000000417993 0.04000000008242751 2.4076504678838262e-11   
99 594 0.0024946174018404435 11.663984472126396 0.040000000001851284 4.0000000036414705e-02 0.040000000091668306 0.04000000053234447 2.0793100574678647e-10   
100 600 0.0021222909486998645 9.698079107160133 0.040000000001851284 4.0000000006074669e-02 0.04000000006304807 0.040000000155019484 5.089126342561201e-11   
101 606 0.0017834258128436474 8.535911436580701 0.04000000000009292 4.0000000000092920e-02 0.0400000000840593 0.04000000012845521 5.846794576269687e-11   
102 612 0.0016578290332369956 10.332622066022314 0.04000000000009292 4.0000000010775610e-02 0.040000000030695794 0.04000000003942686 1.4763593125799446e-11   
103 618 0.001296127846935215 9.558669136989176 0.04000000000009292 4.0000000000644409e-02 0.04000000001798374 0.04000000005615755 1.4025877681511645e-11   
104 624 0.0009635447245829961 9.550995051835303 0.04000000000009292 4.0000000000973542e-02 0.040000000008048146 0.040000000024582226 1.4822622296239985e-11   
105 630 0.0008714641758725586 9.05287713957473 0.04000000000009292 4.0000000001055767e-02 0.040000000006591784 0.040000000031812595 5.1552442870139714e-12   
106 636 0.0007487260186530306 8.342220173174521 0.04000000000009292 4.0000000000918925e-02 0.04000000000245019 0.040000000010860834 1.1477138683879673e-12   
107 642 0.0005818089232903748 8.338528313821234 0.04000000000009292 4.0000000000588280e-02 0.04000000000175582 0.040000000005540104 4.5737788556543535e-12   
108 648 0.0005260871381646193 8.309747792363455 0.04000000000009292 4.0000000000668320e-02 0.040000000000867814 0.04000000000202246 1.0541845174572018e-12   
109 654 0.0005509079254458344 8.972191668083843 0.04000000000009292 4.0000000000411713e-02 0.04000000000084092 0.040000000001482836 5.220893162238838e-13   
110 660 0.0004338765571995339 12.163875627551313 0.04000000000009292 4.0000000000235535e-02 0.04000000000224032 0.040000000002883174 2.051407654857229e-12   
111 666 0.0003437215556899204 10.211506134188065 0.04000000000009292 4.0000000000307227e-02 0.04000000000069433 0.0400000000011532 3.2911173786231984e-13   
112 672 0.00035271653233540394 10.530940532999042 0.04000000000009292 4.0000000000116477e-02 0.04000000000048604 0.04000000000096807 4.407169074127637e-13   
113 678 0.00031947743083303177 8.808726403501423 0.04000000000009292 4.0000000000143636e-02 0.04000000000018572 0.04000000000086443 2.698258283473365e-13   
114 684 0.0004698632423918709 9.186106273986281 0.04000000000002273 4.0000000000022733e-02 0.040000000000292676 0.04000000000037975 2.8459873346875497e-13   
115 690 0.0005001421843093636 6.611736342364445 0.04000000000002273 4.0000000000059037e-02 0.04000000000017145 0.040000000000764147 2.595632042634577e-13   
116 696 0.0003963043679602713 6.579967206289532 0.04000000000002273 4.0000000000063679e-02 0.040000000000337085 0.040000000001036415 4.115388585468338e-13   
117 702 0.00032630784316575707 7.394026948112348 0.04000000000000758 4.0000000000007578e-02 0.04000000000013193 0.040000000000206655 1.094332957585209e-13   
118 708 0.0002718766287041446 8.685796054255428 0.04000000000000758 4.0000000000021449e-02 0.04000000000006862 0.04000000000014859 7.713968352973666e-14   
119 714 0.00024040627996807872 9.436465861005795 0.04000000000000439 4.0000000000004393e-02 0.04000000000005004 0.040000000000119024 5.930672619669508e-14   
120 720 0.00025010427654497904 7.169156609720323 0.04000000000000263 4.0000000000002631e-02 0.04000000000003188 0.040000000000068744 5.1687820690204944e-14   
121 726 0.00021968905022622898 8.554335222464328 0.04000000000000105 4.0000000000001049e-02 0.040000000000036964 0.040000000000061306 2.924049891106506e-14   
122 732 0.0001923564551553561 7.538385783466976 0.040000000000000514 4.0000000000000514e-02 0.040000000000010597 0.0400000000000716 2.09277040141842e-14   
