% # columns="iteration, evaluation, sigma, void, void,  stds==sigma*sigma_vec.scaling*sqrt(diag(C))", seed=267880, Wed Sep 23 10:46:36 2026, <python>{}</python>
1 6 0.9549148455141557 0 0 0.6000000000000001 0.5474458447458733
2 12 0.718339875478931 0 0 0.42352433848340043 0.3442194889552794
3 18 0.5782870006723466 0 0 0.3007583980763218 0.2410631042471113
4 24 0.5174884111766718 0 0 0.23912495196086345 0.2049768886307086
5 30 0.4292617533139076 0 0 0.1997177162431996 0.15392252761643915
6 36 0.4331137789085669 0 0 0.221154993224606 0.12936289105555143
7 42 0.4039648748166746 0 0 0.20723204473410703 0.09750964219441888
8 48 0.3812064217810569 0 0 0.18744472052133918 0.08871705941266521
9 54 0.3025865561385464 0 0 0.14221210070775298 0.06401400279144354
10 60 0.24123133082802842 0 0 0.10031424164911967 0.0463440497763819
11 66 0.19729448166619704 0 0 0.07897999232392668 0.033862425992673174
12 72 0.16909216487590817 0 0 0.06495529091821836 0.025457658893110087
13 78 0.20574085966768385 0 0 0.09506166779995757 0.035390330087783015
14 84 0.22334619911501888 0 0 0.10101715642089285 0.040065045656480634
15 90 0.25104299068946667 0 0 0.1164525568086095 0.050300288277151564
16 96 0.2698208285565292 0 0 0.10913468597987339 0.05256868614089238
17 102 0.40685299958144167 0 0 0.1605542387115775 0.08800807969531904
18 108 0.5221258905375739 0 0 0.1977790957143044 0.1182239941402209
19 114 0.5188830190769673 0 0 0.16912299740307263 0.10065899356872841
20 120 0.4098037477256458 0 0 0.11721079725443144 0.07745812681369936
21 126 0.40200700459773936 0 0 0.10045634156291847 0.0697020182585176
22 132 0.5128433873934729 0 0 0.13869153320411742 0.11407340447221695
23 138 0.5706481095302579 0 0 0.1303274797983359 0.11829891393418317
24 144 0.4641403547527939 0 0 0.09538832112146282 0.09209976750794828
25 150 0.3651446329609523 0 0 0.06917145375268884 0.06897648356505537
26 156 0.43619670141180544 0 0 0.08784971941426162 0.10009219083013923
27 162 0.44171584300083916 0 0 0.07985995052280778 0.09725770962011261
28 168 0.43093299980147554 0 0 0.07587752146502741 0.09506201850216725
29 174 0.3304585100709197 0 0 0.055174590774008575 0.06763275963288132
30 180 0.39298949147125245 0 0 0.06274172672929146 0.07999896584411763
31 186 0.3458076321607562 0 0 0.05661710875777881 0.06963912029663445
32 192 0.24555388669822734 0 0 0.03446845253488758 0.04128286149242945
33 198 0.21923202577487905 0 0 0.028538940993498584 0.033787432343058234
34 204 0.2513007264057397 0 0 0.03939166739876064 0.04502945842807453
35 210 0.20398986442323774 0 0 0.027471404512471216 0.030596185740198362
36 216 0.18548683017913836 0 0 0.024220917310483578 0.02619237213173096
37 222 0.15251229564079322 0 0 0.016813664263251073 0.017432868324070965
38 228 0.1287954878098208 0 0 0.012303167383548086 0.012472226193481924
39 234 0.09640829087469317 0 0 0.007225684969617556 0.007379992225656443
40 240 0.08568692927344224 0 0 0.006044555541531511 0.005882204306782977
41 246 0.08299482281867691 0 0 0.005213194419059809 0.004839315047446842
42 252 0.09492170884344882 0 0 0.005851030631044231 0.005218968897930603
43 258 0.07986370838465068 0 0 0.004768938552080694 0.00400002591544875
44 264 0.07881119754703858 0 0 0.004054187574959463 0.0032075823708897304
45 270 0.09243096241638132 0 0 0.005712271651965066 0.003674903246080778
46 276 0.10911107617187728 0 0 0.007152314739872448 0.004023188604800863
47 282 0.11187277528973574 0 0 0.007015822868673494 0.00368913865889404
48 288 0.10938429968187949 0 0 0.0065779344784024345 0.0033738228838064116
49 294 0.14989261225274775 0 0 0.008621094210202936 0.004006887086408074
50 300 0.11766496534894812 0 0 0.0062787773094152574 0.0027807008326862707
51 306 0.09889443412438642 0 0 0.004726007404745028 0.0021263590987242263
52 312 0.09361044233769454 0 0 0.004750222025331359 0.001836410896267248
53 318 0.10730586718865014 0 0 0.004598879429741355 0.0017342565932324577
54 324 0.1105157882791765 0 0 0.004906687953949197 0.0014728960102873558
55 330 0.08778127770321315 0 0 0.0036093577636496935 0.0010728223223064586
56 336 0.16401110632429342 0 0 0.006934385053145208 0.0021410604836731837
57 342 0.16371077933646933 0 0 0.0067336062068820545 0.0018588194336532722
58 348 0.1322366171482228 0 0 0.004287911129737503 0.0012988475858063855
59 354 0.15421415474011424 0 0 0.00506894091770023 0.0014467475630693186
60 360 0.17043106378804168 0 0 0.005336284340214076 0.0014627839218019848
61 366 0.15353523859313564 0 0 0.00429723830421226 0.0012672561689760753
62 372 0.14576132070371553 0 0 0.0044086226663077625 0.0010108253503940243
63 378 0.1153931982217798 0 0 0.003052131766518014 0.0006967777216093603
64 384 0.09866703011804744 0 0 0.0021998936844037447 0.0005881626921844983
65 390 0.08527097750593844 0 0 0.0017318400919411941 0.0004955564749904766
66 396 0.0759167923919073 0 0 0.001414253844723711 0.00038656862270339737
67 402 0.08972004436247073 0 0 0.001798974085421074 0.00038961261782524556
68 408 0.10063955315288325 0 0 0.0018432589873104328 0.00042238261470498007
69 414 0.10599488886336562 0 0 0.0018335425548989222 0.00039481380851616476
70 420 0.11443286704642616 0 0 0.0019176083978817119 0.00040018856720164107
71 426 0.10357152096706866 0 0 0.0016592407326388148 0.0003131106687519674
72 432 0.08831609266976997 0 0 0.0013230515157568925 0.00024609740165818975
73 438 0.08555546627874291 0 0 0.0012100648302939177 0.0002263035734840781
74 444 0.07310682525296466 0 0 0.0010240068676665888 0.00015952353607912213
75 450 0.06635813769143967 0 0 0.0009142484255470864 0.000127148960127226
76 456 0.05883148533533103 0 0 0.0007258527976807878 0.0001075056616072597
77 462 0.04265179990474851 0 0 0.00045070391067336056 7.171693558399091e-05
78 468 0.03815898682661399 0 0 0.0003693557193985167 5.743966928180471e-05
79 474 0.037813747055546375 0 0 0.0003314380487548974 5.826374001972194e-05
80 480 0.031211698960415247 0 0 0.00022328950547662862 4.93774339077874e-05
81 486 0.025022893757292115 0 0 0.0001559855271004977 3.401091057209238e-05
82 492 0.024455003631478817 0 0 0.00015904156472962695 2.7710461288310325e-05
83 498 0.01814736777009594 0 0 0.00010724908325655523 1.7474815085826557e-05
84 504 0.0159419900362665 0 0 9.208769438334454e-05 1.3863770810632044e-05
85 510 0.013979678036074028 0 0 8.127582765452349e-05 1.0241213139671738e-05
86 516 0.013234270264623194 0 0 6.32574114689318e-05 9.951471228055087e-06
87 522 0.012612949641587818 0 0 5.487364255874799e-05 1.0034862444181498e-05
88 528 0.010137949625563443 0 0 4.2766106208336746e-05 6.453896392961285e-06
89 534 0.007709974505536553 0 0 2.9344350079413472e-05 4.2764132253574795e-06
90 540 0.00679232189439841 0 0 2.154196598414128e-05 3.601533730748881e-06
91 546 0.00639649466750746 0 0 2.0397789368491807e-05 2.9108388918457305e-06
92 552 0.005631999571239203 0 0 1.741717969461322e-05 2.120712080977043e-06
93 558 0.004977464764237544 0 0 1.480473433154108e-05 1.6682163994417265e-06
94 564 0.004060116486427514 0 0 1.0449663683491583e-05 1.2806398167241275e-06
95 570 0.0034974485912398242 0 0 8.709013191881165e-06 9.350391137057861e-07
96 576 0.002763116482104843 0 0 6.475466385588105e-06 6.174760934016511e-07
97 582 0.0026983561374293403 0 0 5.693194118755852e-06 6.05355443502124e-07
98 588 0.0026137708526592254 0 0 5.684986328755914e-06 5.06431629339559e-07
99 594 0.0024946174018404435 0 0 4.8027530009850415e-06 5.050998116968807e-07
100 600 0.0021222909486998645 0 0 3.394174160363135e-06 4.136984578065443e-07
101 606 0.0017834258128436474 0 0 2.841054706883528e-06 2.82406375702889e-07
102 612 0.0016578290332369956 0 0 2.4561202993857106e-06 2.649926673887683e-07
103 618 0.001296127846935215 0 0 1.6993922848508649e-06 1.8862388793680266e-07
104 624 0.0009635447245829961 0 0 1.070607795768747e-06 1.310523495122028e-07
105 630 0.0008714641758725586 0 0 8.642778094185809e-07 1.1566065688002548e-07
106 636 0.0007487260186530306 0 0 6.644360802315333e-07 9.259822555151608e-08
107 642 0.0005818089232903748 0 0 4.5655038535770584e-07 6.353065141031473e-08
108 648 0.0005260871381646193 0 0 3.961382672683218e-07 5.3604626166965456e-08
109 654 0.0005509079254458344 0 0 4.7366364588296187e-07 5.7028495710759456e-08
110 660 0.0004338765571995339 0 0 3.003142273311407e-07 3.728355689170207e-08
111 666 0.0003437215556899204 0 0 2.1569862329521657e-07 2.4848782808213993e-08
112 672 0.00035271653233540394 0 0 1.979044235830214e-07 2.7124475318692372e-08
113 678 0.00031947743083303177 0 0 1.6735085977273105e-07 2.142037745305181e-08
114 684 0.0004698632423918709 0 0 2.3159474599862914e-07 3.561142318594554e-08
115 690 0.0005001421843093636 0 0 2.326541063979638e-07 3.590313124763093e-08
116 696 0.0003963043679602713 0 0 1.7316855216265782e-07 2.385576085275336e-08
117 702 0.00032630784316575707 0 0 1.3768971611570572e-07 1.6554829746592158e-08
118 708 0.0002718766287041446 0 0 1.0695851112255542e-07 1.1943099947177988e-08
119 714 0.00024040627996807872 0 0 7.444709879868668e-08 1.0746859833597878e-08
120 720 0.00025010427654497904 0 0 8.18327213032171e-08 9.732678047956344e-09
121 726 0.00021968905022622898 0 0 6.064833995695182e-08 8.191547962027825e-09
122 732 0.0001923564551553561 0 0 4.948848806518482e-08 6.305255673731568e-09
122 732 0.0001923564551553561 0 0 4.948848806518482e-08 6.305255673731568e-09
