% # columns="iter, evals, sigma, 0, fitness, xbest" seed=162081, Tue Aug 18 12:05:35 2026, <python>{}</python>
1 6 1.3613524640413053 0 0.7900633121697421 0.19700839874286366 0.0006982959412153988
2 12 1.172004857408822 0 1.633030403869411 0.7914994279282557 0.5003936732982562
3 18 1.1627990978438432 0 2.632548836765878 -0.6225058454365673 0.3870275410797598
4 24 1.3224374126944587 0 1.4772944901757181 -0.16197912873591103 -0.0094137077821983
5 30 1.261563498184611 0 7.451467286642991 -0.7737122472496807 0.39113577050875703
6 36 0.9225585112572476 0 2.723161225337128 -0.34985072316326515 0.21731993265784036
7 42 0.7240287053649329 0 4.961936316601642 -0.3701253565226817 0.31262571563263175
8 48 0.636644140658911 0 1.7419767625413682 -0.3136161046726766 0.08555291594374374
9 54 0.7958381344448036 0 1.3224052263365296 -0.0526923707743171 -0.043510013049475965
10 60 0.8474251232060458 0 1.989131647756702 -0.22329574927072285 -0.020330115883643113
11 66 0.8119300840408711 0 1.1991841681383029 -0.055700052189198504 0.03220259339894368
12 72 1.2278447803575305 0 0.5152171675309567 0.40657016766734577 0.1249188354610631
13 78 1.7440572236005563 0 2.8339062513416686 0.27813732176663575 0.22943997145269035
14 84 1.9499315867819969 0 0.3322904297197293 0.4244244081897889 0.17696879578529023
15 90 1.642615487728874 0 1.5525987833085622 0.1928718633877069 0.13212810536467146
16 96 1.331752257782635 0 2.2162475824177266 0.3212642650763433 -0.029287022326439066
17 102 1.6580980120956428 0 9.442229107623556 0.017349502795849014 0.29144748226472583
18 108 1.6843903239249336 0 4.078955286398596 -0.21762288172347588 0.20849164609735876
19 114 1.7088012120506861 0 1.4164200010046724 0.09421246745173395 0.08607501407449322
20 120 1.4102223117822204 0 0.5689030889627507 0.24579413348686455 0.05953954248307391
21 126 1.0541418250616146 0 0.46308562879060333 0.4048847455652851 0.13092810242387917
22 132 1.207931396738994 0 0.2502199095917413 0.5039928176798323 0.26048701982195566
23 138 1.9293539028831992 0 0.4706594557252288 0.5761807814166038 0.2780364731139553
24 144 2.663959463737034 0 0.1579603567551538 0.7662994495990423 0.5550676211482444
25 150 2.4526410648502788 0 2.2680714129165804 0.312119082343117 -0.03655523015702755
26 156 2.348790713085303 0 0.16747393270826094 0.7400973343499736 0.5161332216948421
27 162 2.29134725798074 0 2.2234545300166393 0.23263569601094458 -0.07373236562354535
28 168 2.031953934074158 0 0.8621864283049347 0.13929157704997983 -0.015435686427578678
29 174 1.9836777985018663 0 0.15473594561909737 0.6242964671292675 0.4014006063197702
30 180 1.89545940006356 0 0.27950872621081724 0.7459125633456958 0.6027480694252381
31 186 1.5467740050462333 0 0.2537662579488875 0.6326183923892412 0.365739087916944
32 192 1.5260684825107744 0 0.11774682571923706 0.7869488746948221 0.5923894526398478
33 198 1.2518113120095238 0 0.048413424222324086 0.7799700362920698 0.6083043399285756
34 204 1.1251337207981897 0 0.1564480017659257 0.6238824752243993 0.3769885874731954
35 210 1.027967165443809 0 0.40409902905545353 0.48777481768180175 0.27557057293525444
36 216 0.9130801219482193 0 0.1381194257593128 0.6555554444031142 0.44370907692800926
37 222 1.480786580054381 0 0.07347462680204753 0.7992610634782426 0.6570332156588163
38 228 1.3860615662516222 0 0.09540761801343281 0.7550168963383381 0.5888629822104985
39 234 1.0287523895335653 0 0.10270604978250654 0.6800033707884751 0.464160167023887
40 240 0.7765478331851653 0 0.12291990578259962 0.7296260343741304 0.5100342431159386
41 246 0.7059893043300982 0 0.07054440802370862 0.7345676162419668 0.5405385700612287
42 252 0.900885557882276 0 0.046408314961328814 0.7894807781062676 0.6278515203468811
43 258 0.8061039392470282 0 0.041739951515233235 0.7962792312724971 0.6325185379440912
44 264 0.6823157739774118 0 0.04192090985126348 0.7958141326080289 0.6348335450655641
45 270 0.5719964394260921 0 0.04476647796956813 0.799519082718214 0.6459938101152748
46 276 0.4322554130307382 0 0.0421885337929463 0.795412932261305 0.6308578207848022
47 282 0.3946849244401447 0 0.0482153863194849 0.7988169693338312 0.6469067176295054
48 288 0.307272646237879 0 0.041638346855711106 0.796898159716765 0.637016421433939
49 294 0.2602154162650858 0 0.04191989460433246 0.795265773006698 0.63264235209876
50 300 0.21735344987487407 0 0.04149000243097841 0.7963428111868092 0.6345327081441572
51 306 0.22140394825656573 0 0.041524400989685066 0.7970973037244943 0.6334802410312392
52 312 0.2652230157704399 0 0.04089376542073785 0.7983073766246089 0.6387570324275014
53 318 0.33564958446596926 0 0.04052711801518881 0.7987104019749195 0.638248398823467
54 324 0.28196809663009464 0 0.04044217090213584 0.7989350440839167 0.6379092046061003
55 330 0.24303259866761032 0 0.04120890842943566 0.797113216670374 0.6347122684098819
56 336 0.2149035914927152 0 0.04092569966142169 0.7985635629543126 0.6358354453373846
57 342 0.29500384776702077 0 0.04022317061154787 0.7994596724835975 0.6388760055137892
58 348 0.4592479110551531 0 0.04000784894461591 0.7999953451640579 0.6402372355196214
59 354 0.41893835778205885 0 0.040090179508016736 0.7997953059961902 0.6399599337701071
60 360 0.33294185564427425 0 0.040194615555750546 0.7999220349019902 0.6385968901526919
61 366 0.3974363820297466 0 0.040045511332344755 0.7999839124257047 0.6393491517987951
62 372 0.443717695389497 0 0.04007858942207253 0.7998036342182372 0.6396925985641859
63 378 0.4622177748252365 0 0.0407427941088401 0.7994530428284654 0.641413643333354
64 384 0.4248760063385923 0 0.041069996552546395 0.7999492576497532 0.6366789119799507
65 390 0.37240479912017777 0 0.04005093411508627 0.7999895691116843 0.6392994857760147
66 396 0.46283062042678197 0 0.04010236334295031 0.7997650722476616 0.6393354312686037
67 402 0.3715726759816152 0 0.04026554015277195 0.7994174769118069 0.6385009261117242
68 408 0.31847824125296104 0 0.0400921629966507 0.7999997246991501 0.6390401176172182
69 414 0.28069820423217773 0 0.040017656015004975 0.799999958978803 0.6395799390503447
70 420 0.24157504807648839 0 0.04002563270458784 0.7999362447498743 0.639862423230588
71 426 0.22021675692321713 0 0.04000318827579922 0.7999958454680799 0.6401169021802312
72 432 0.15918750626222336 0 0.04000394199075451 0.7999914071142749 0.6399152048081451
73 438 0.12150555859663709 0 0.040008108282931616 0.7999797782980516 0.6399537917206606
74 444 0.10268242549183952 0 0.04000150500538548 0.7999978584008319 0.639916052570872
75 450 0.11547534447607681 0 0.040000161364157426 0.7999997620294823 0.6399738945715807
76 456 0.09688296842148628 0 0.04000044121275699 0.7999999866022574 0.6399339593497607
77 462 0.08941426882306776 0 0.04000057965309759 0.7999986301146746 0.6399800045085273
78 468 0.07833764274198475 0 0.04000155734448274 0.7999989834732146 0.6401056457696419
79 474 0.0737366286260305 0 0.04000004366965629 0.7999999172503337 0.6400101485454988
80 480 0.061743036876994256 0 0.04000013096755774 0.7999996838490546 0.6400062076372928
81 486 0.05554289732116653 0 0.04000003260720141 0.7999999273349037 0.6399939329732119
82 492 0.046890231131621454 0 0.040000074281057764 0.7999999999939645 0.6399727458817402
83 498 0.03502199742001285 0 0.04000012075121294 0.7999998038609409 0.6399791202953974
84 504 0.03169214555049593 0 0.040000001484465385 0.7999999973795722 0.6399979070415496
85 510 0.02416203238439566 0 0.04000000473691854 0.7999999966944796 0.6399941511588397
86 516 0.018457112504188394 0 0.04000000062223867 0.7999999990270599 0.6399984718044467
87 522 0.015988487167229427 0 0.040000008029226417 0.7999999999906584 0.6399910414752567
88 528 0.012280494110307523 0 0.04000000308639583 0.7999999964676492 0.6399959035592084
89 534 0.011166511045510516 0 0.04000000028878812 0.7999999996787974 0.6399987333617154
90 540 0.011636454007639435 0 0.04000000075053086 0.799999998798897 0.6400016415187751
91 546 0.009118771989689835 0 0.04000000010153124 0.7999999998495545 0.6399993566960027
92 552 0.008380384839237255 0 0.04000000078912901 0.7999999996614714 0.6400025562484799
93 558 0.007052970712800595 0 0.04000000005739084 0.7999999998568688 0.6399999625761441
94 564 0.0052880115286495005 0 0.04000000001352755 0.7999999999661812 0.6399999994386243
95 570 0.00428935479553624 0 0.04000000004454325 0.7999999999841685 0.6399993818270974
96 576 0.003713450469626396 0 0.04000000005022239 0.7999999998744485 0.6399999955867216
97 582 0.0030726019827148126 0 0.04000000000516604 0.7999999999971749 0.6399997990978276
98 588 0.002550549842497915 0 0.040000000002904997 0.7999999999940196 0.640000071603324
99 594 0.0018566942199210463 0 0.040000000000097555 0.7999999999997561 0.6399999997211852
100 600 0.0017865626329530795 0 0.04000000001249647 0.7999999999742259 0.6400001478378201
101 606 0.001763567123435065 0 0.04000000000162761 0.7999999999991789 0.6399998860171705
102 612 0.001412711246142427 0 0.04000000000004685 0.7999999999999787 0.6400000195815633
103 618 0.001577030668006963 0 0.04000000000382122 0.7999999999975912 0.6400001690435114
104 624 0.0014563286483271491 0 0.040000000002324336 0.7999999999969784 0.6399998943694999
105 630 0.0011650533175211737 0 0.04000000000167007 0.7999999999970193 0.6400000691175068
106 636 0.0010294031607726104 0 0.04000000000026002 0.7999999999997779 0.6399999586264312
107 642 0.0007921507498112811 0 0.040000000000257156 0.7999999999995369 0.6400000268136965
108 648 0.0008650791297566577 0 0.04000000000003111 0.7999999999999309 0.6399999941198927
109 654 0.0008509612624934858 0 0.04000000000029177 0.7999999999997679 0.6399999553984392
110 660 0.0006762768174381251 0 0.040000000000048865 0.7999999999999972 0.6399999781544118
111 666 0.0005571632075926038 0 0.0400000000000645 0.7999999999999327 0.6399999806199334
112 672 0.0005461381821796805 0 0.04000000000002231 0.7999999999999533 0.6400000060249568
113 678 0.0003937286942471743 0 0.040000000000003255 0.7999999999999998 0.6399999943545553
114 684 0.00032724978221865996 0 0.040000000000006045 0.7999999999999886 0.640000003849953
115 690 0.0002643825147306979 0 0.04000000000000066 0.7999999999999992 0.6399999982158822
116 696 0.00024657234961357726 0 0.040000000000001826 0.7999999999999985 0.6400000034920941
117 702 0.00018555601116887002 0 0.040000000000000445 0.7999999999999998 0.6399999980583531
118 708 0.00014195545809437017 0 0.040000000000001826 0.7999999999999997 0.6400000041318334
119 714 0.00011543448491836904 0 0.040000000000000265 0.7999999999999996 0.6399999989927257
120 720 0.00012380158386570013 0 0.04000000000000252 0.7999999999999954 0.6399999974059359
120 720 0.00012380158386570013 0 0.04000000000000252 0.7999999999999954 0.6399999974059359
