% # columns="iteration, evaluation, min max(neg(.)) min(pos(.)) max correlation, correlation matrix principal axes lengths  (sorted square roots of eigenvalues of correlation matrix)", seed=407473, Wed Sep  2 13:33:30 2026
1 6 0.11469306001847648 0.11469306001847648 0.11469306001847648 0.11469306001847648 0.940907508728421 1.0557902537997197
2 12 0.11469306001847648 0.11469306001847648 0.11469306001847648 0.11469306001847648 0.940907508728421 1.0557902537997197
3 18 -0.30567173559872485 -0.30567173559872485 -0.30567173559872485 -0.30567173559872485 0.8332636223916626 1.142659938738873
4 24 -0.30567173559872485 -0.30567173559872485 -0.30567173559872485 -0.30567173559872485 0.8332636223916626 1.142659938738873
5 30 -0.16468999558783318 -0.16468999558783318 -0.16468999558783318 -0.16468999558783318 0.9139529552510715 1.0792080409206712
6 36 -0.16468999558783318 -0.16468999558783318 -0.16468999558783318 -0.16468999558783318 0.9139529552510715 1.0792080409206712
7 42 -0.44145499613417094 -0.44145499613417094 -0.44145499613417094 -0.44145499613417094 0.7473586848801781 1.2006060953260944
8 48 -0.44145499613417094 -0.44145499613417094 -0.44145499613417094 -0.44145499613417094 0.7473586848801781 1.2006060953260944
9 54 -0.30338384843463706 -0.30338384843463706 -0.30338384843463706 -0.30338384843463706 0.8346353404723306 1.1416583764132933
10 60 -0.30338384843463706 -0.30338384843463706 -0.30338384843463706 -0.30338384843463706 0.8346353404723306 1.1416583764132933
11 66 -0.5850594547837463 -0.5850594547837463 -0.5850594547837463 -0.5850594547837463 0.644158788821711 1.2589914434910772
12 72 -0.5850594547837463 -0.5850594547837463 -0.5850594547837463 -0.5850594547837463 0.644158788821711 1.2589914434910772
13 78 -0.7402400969260288 -0.7402400969260288 -0.7402400969260288 -0.7402400969260288 0.5096664625752526 1.3191816011929627
14 84 -0.7402400969260288 -0.7402400969260288 -0.7402400969260288 -0.7402400969260288 0.5096664625752526 1.3191816011929627
15 90 -0.8104766038060347 -0.8104766038060347 -0.8104766038060347 -0.8104766038060347 0.43534284902128023 1.345539521458227
16 96 -0.8104766038060347 -0.8104766038060347 -0.8104766038060347 -0.8104766038060347 0.43534284902128023 1.345539521458227
17 102 -0.8440197111919387 -0.8440197111919387 -0.8440197111919387 -0.8440197111919387 0.3949433994992972 1.3579468734792017
18 108 -0.8440197111919387 -0.8440197111919387 -0.8440197111919387 -0.8440197111919387 0.3949433994992972 1.3579468734792017
19 114 -0.9228519727133818 -0.9228519727133818 -0.9228519727133818 -0.9228519727133818 0.27775533709835043 1.3866693811840594
20 120 -0.9228519727133818 -0.9228519727133818 -0.9228519727133818 -0.9228519727133818 0.27775533709835043 1.3866693811840594
21 126 -0.858141709119225 -0.858141709119225 -0.858141709119225 -0.858141709119225 0.37664079821598573 1.3631367169580697
22 132 -0.858141709119225 -0.858141709119225 -0.858141709119225 -0.858141709119225 0.37664079821598573 1.3631367169580697
23 138 -0.9073369928901691 -0.9073369928901691 -0.9073369928901691 -0.9073369928901691 0.30440599059451984 1.3810637178965237
24 144 -0.9073369928901691 -0.9073369928901691 -0.9073369928901691 -0.9073369928901691 0.30440599059451984 1.3810637178965237
25 150 -0.8835369752847015 -0.8835369752847015 -0.8835369752847015 -0.8835369752847015 0.34126679404140453 1.372420116176057
26 156 -0.8835369752847015 -0.8835369752847015 -0.8835369752847015 -0.8835369752847015 0.34126679404140453 1.372420116176057
27 162 -0.9235846759960609 -0.9235846759960609 -0.9235846759960609 -0.9235846759960609 0.27643321798209963 1.3869335513989345
28 168 -0.9235846759960609 -0.9235846759960609 -0.9235846759960609 -0.9235846759960609 0.27643321798209963 1.3869335513989345
29 174 -0.9251212556109797 -0.9251212556109797 -0.9251212556109797 -0.9251212556109797 0.27363980775651126 1.3874873893520545
30 180 -0.9251212556109797 -0.9251212556109797 -0.9251212556109797 -0.9251212556109797 0.27363980775651126 1.3874873893520545
31 186 -0.8998640753466987 -0.8998640753466987 -0.8998640753466987 -0.8998640753466987 0.31644260878285885 1.3783555692732912
32 192 -0.8998640753466987 -0.8998640753466987 -0.8998640753466987 -0.8998640753466987 0.31644260878285885 1.3783555692732912
33 198 -0.9031418467349949 -0.9031418467349949 -0.9031418467349949 -0.9031418467349949 0.3112204255266761 1.3795440720524281
34 204 -0.9031418467349949 -0.9031418467349949 -0.9031418467349949 -0.9031418467349949 0.3112204255266761 1.3795440720524281
35 210 -0.8854785775445232 -0.8854785775445232 -0.8854785775445232 -0.8854785775445232 0.3384101394099721 1.3731272983756908
36 216 -0.8854785775445232 -0.8854785775445232 -0.8854785775445232 -0.8854785775445232 0.3384101394099721 1.3731272983756908
37 222 -0.8228702443387717 -0.8228702443387717 -0.8228702443387717 -0.8228702443387717 0.4208678600953373 1.350137120569156
38 228 -0.8228702443387717 -0.8228702443387717 -0.8228702443387717 -0.8228702443387717 0.4208678600953373 1.350137120569156
39 234 -0.7812133907824887 -0.7812133907824887 -0.7812133907824887 -0.7812133907824887 0.4677463086091769 1.3346210663639657
40 240 -0.7812133907824887 -0.7812133907824887 -0.7812133907824887 -0.7812133907824887 0.4677463086091769 1.3346210663639657
41 246 -0.5249999254300239 -0.5249999254300239 -0.5249999254300239 -0.5249999254300239 0.6892024917032555 1.2349088733303457
42 252 -0.5249999254300239 -0.5249999254300239 -0.5249999254300239 -0.5249999254300239 0.6892024917032555 1.2349088733303457
43 258 -0.34714150786099723 -0.34714150786099723 -0.34714150786099723 -0.34714150786099723 0.8079965916629863 1.1606642528573874
44 264 -0.34714150786099723 -0.34714150786099723 -0.34714150786099723 -0.34714150786099723 0.8079965916629863 1.1606642528573874
45 270 -0.12234341832592915 -0.12234341832592915 -0.12234341832592915 -0.12234341832592915 0.9368332731463325 1.0594071069829243
46 276 -0.12234341832592915 -0.12234341832592915 -0.12234341832592915 -0.12234341832592915 0.9368332731463325 1.0594071069829243
47 282 -0.3596005389372373 -0.3596005389372373 -0.3596005389372373 -0.3596005389372373 0.80024962421907 1.1660190988732722
48 288 -0.3596005389372373 -0.3596005389372373 -0.3596005389372373 -0.3596005389372373 0.80024962421907 1.1660190988732722
49 294 -0.34992550738903627 -0.34992550738903627 -0.34992550738903627 -0.34992550738903627 0.8062719718624504 1.1618629469042536
50 300 -0.34992550738903627 -0.34992550738903627 -0.34992550738903627 -0.34992550738903627 0.8062719718624504 1.1618629469042536
51 306 -0.1339989063942054 -0.1339989063942054 -0.1339989063942054 -0.1339989063942054 0.930591797516932 1.0648938474769236
52 312 -0.1339989063942054 -0.1339989063942054 -0.1339989063942054 -0.1339989063942054 0.930591797516932 1.0648938474769236
53 318 -0.11312787126804613 -0.11312787126804613 -0.11312787126804613 -0.11312787126804613 0.9417388856429122 1.0550487530289991
54 324 -0.11312787126804613 -0.11312787126804613 -0.11312787126804613 -0.11312787126804613 0.9417388856429122 1.0550487530289991
55 330 -0.2396834077923879 -0.2396834077923879 -0.2396834077923879 -0.2396834077923879 0.8719613478862536 1.1134107093936128
56 336 -0.2396834077923879 -0.2396834077923879 -0.2396834077923879 -0.2396834077923879 0.8719613478862536 1.1134107093936128
57 342 -0.18956679144066302 -0.18956679144066302 -0.18956679144066302 -0.18956679144066302 0.9002406392511598 1.0906726325715994
58 348 -0.18956679144066302 -0.18956679144066302 -0.18956679144066302 -0.18956679144066302 0.9002406392511598 1.0906726325715994
59 354 -0.23274704616619504 -0.23274704616619504 -0.23274704616619504 -0.23274704616619504 0.8759297653543948 1.1102914239811976
60 360 -0.23274704616619504 -0.23274704616619504 -0.23274704616619504 -0.23274704616619504 0.8759297653543948 1.1102914239811976
61 366 -0.24609591252820354 -0.24609591252820354 -0.24609591252820354 -0.24609591252820354 0.86827650404223 1.1162866623444911
62 372 -0.24609591252820354 -0.24609591252820354 -0.24609591252820354 -0.24609591252820354 0.86827650404223 1.1162866623444911
63 378 -0.20923038381818404 -0.20923038381818404 -0.20923038381818404 -0.20923038381818404 0.889252279267147 1.0996501188187924
64 384 -0.20923038381818404 -0.20923038381818404 -0.20923038381818404 -0.20923038381818404 0.889252279267147 1.0996501188187924
65 390 -0.1996617787716003 -0.1996617787716003 -0.1996617787716003 -0.1996617787716003 0.8946162424349334 1.095290727967511
66 396 -0.1996617787716003 -0.1996617787716003 -0.1996617787716003 -0.1996617787716003 0.8946162424349334 1.095290727967511
67 402 -0.08552677441542861 -0.08552677441542861 -0.08552677441542861 -0.08552677441542861 0.9562809344458204 1.041886161927218
68 408 -0.08552677441542861 -0.08552677441542861 -0.08552677441542861 -0.08552677441542861 0.9562809344458204 1.041886161927218
69 414 -0.2538707238033919 -0.2538707238033919 -0.2538707238033919 -0.2538707238033919 0.8637877495059816 1.1197636910542295
70 420 -0.2538707238033919 -0.2538707238033919 -0.2538707238033919 -0.2538707238033919 0.8637877495059816 1.1197636910542295
71 426 -0.24737972102993164 -0.24737972102993164 -0.24737972102993164 -0.24737972102993164 0.8675369035205756 1.1168615496246308
72 432 -0.24737972102993164 -0.24737972102993164 -0.24737972102993164 -0.24737972102993164 0.8675369035205756 1.1168615496246308
73 438 -0.4658843708405179 -0.4658843708405179 -0.4658843708405179 -0.4658843708405179 0.7308321484167771 1.2107371188001623
74 444 -0.4658843708405179 -0.4658843708405179 -0.4658843708405179 -0.4658843708405179 0.7308321484167771 1.2107371188001623
75 450 -0.4472672530745078 -0.4472672530745078 -0.4472672530745078 -0.4472672530745078 0.7434599834056251 1.2030242113417784
76 456 -0.4472672530745078 -0.4472672530745078 -0.4472672530745078 -0.4472672530745078 0.7434599834056251 1.2030242113417784
77 462 -0.4480125456199424 -0.4480125456199424 -0.4480125456199424 -0.4480125456199424 0.7429585818738872 1.203333929389487
78 468 -0.4480125456199424 -0.4480125456199424 -0.4480125456199424 -0.4480125456199424 0.7429585818738872 1.203333929389487
79 474 -0.49718505055839624 -0.49718505055839624 -0.49718505055839624 -0.49718505055839624 0.7090944573479641 1.2235951334319681
80 480 -0.49718505055839624 -0.49718505055839624 -0.49718505055839624 -0.49718505055839624 0.7090944573479641 1.2235951334319681
81 486 -0.1728102510436392 -0.1728102510436392 -0.1728102510436392 -0.1728102510436392 0.9094997245499095 1.0829636425308282
82 492 -0.1728102510436392 -0.1728102510436392 -0.1728102510436392 -0.1728102510436392 0.9094997245499095 1.0829636425308282
83 498 -0.3756456662455564 -0.3756456662455564 -0.3756456662455564 -0.3756456662455564 0.7901609543342696 1.172879220655544
84 504 -0.3756456662455564 -0.3756456662455564 -0.3756456662455564 -0.3756456662455564 0.7901609543342696 1.172879220655544
85 510 -0.47392564661258507 -0.47392564661258507 -0.47392564661258507 -0.47392564661258507 0.7253098326835331 1.2140533952889323
86 516 -0.47392564661258507 -0.47392564661258507 -0.47392564661258507 -0.47392564661258507 0.7253098326835331 1.2140533952889323
87 522 -0.41581960017042197 -0.41581960017042197 -0.41581960017042197 -0.41581960017042197 0.7643169498510275 1.1898821791128826
88 528 -0.41581960017042197 -0.41581960017042197 -0.41581960017042197 -0.41581960017042197 0.7643169498510275 1.1898821791128826
89 534 -0.47679126105244285 -0.47679126105244285 -0.47679126105244285 -0.47679126105244285 0.7233316935870825 1.2152330068972135
90 540 -0.47679126105244285 -0.47679126105244285 -0.47679126105244285 -0.47679126105244285 0.7233316935870825 1.2152330068972135
91 546 -0.2685105803701547 -0.2685105803701547 -0.2685105803701547 -0.2685105803701547 0.8552715473052083 1.1262817499942697
91 546 -0.2685105803701547 -0.2685105803701547 -0.2685105803701547 -0.2685105803701547 0.8552715473052083 1.1262817499942697
