% # columns="iteration, evaluation, min max(neg(.)) min(pos(.)) max correlation, correlation matrix principal axes lengths  (sorted square roots of eigenvalues of correlation matrix)", seed=407473, Wed Sep  2 13:33:30 2026
1 6 -0.11469306001847648 -0.11469306001847648 -0.11469306001847648 -0.11469306001847648 0.9409075087284209 1.0557902537997197
2 12 0.03902753481107434 0.03902753481107434 0.03902753481107434 0.03902753481107434 0.9409075087284209 1.0557902537997197
3 18 0.3056717355987248 0.3056717355987248 0.3056717355987248 0.3056717355987248 0.8332636223916625 1.142659938738873
4 24 0.19066358156462343 0.19066358156462343 0.19066358156462343 0.19066358156462343 0.8332636223916625 1.142659938738873
5 30 0.1646899955878332 0.1646899955878332 0.1646899955878332 0.1646899955878332 0.9139529552510715 1.0792080409206712
6 36 0.3362840200324497 0.3362840200324497 0.3362840200324497 0.3362840200324497 0.9139529552510715 1.0792080409206712
7 42 0.44145499613417083 0.44145499613417083 0.44145499613417083 0.44145499613417083 0.7473586848801779 1.2006060953260944
8 48 0.39387904489714226 0.39387904489714226 0.39387904489714226 0.39387904489714226 0.7473586848801779 1.2006060953260944
9 54 0.30338384843463706 0.30338384843463706 0.30338384843463706 0.30338384843463706 0.8346353404723303 1.1416583764132933
10 60 0.33954029254752643 0.33954029254752643 0.33954029254752643 0.33954029254752643 0.8346353404723303 1.1416583764132933
11 66 0.5850594547837464 0.5850594547837464 0.5850594547837464 0.5850594547837464 0.644158788821711 1.2589914434910774
12 72 0.634244686061906 0.634244686061906 0.634244686061906 0.634244686061906 0.644158788821711 1.2589914434910774
13 78 0.7402400969260288 0.7402400969260288 0.7402400969260288 0.7402400969260288 0.5096664625752526 1.3191816011929627
14 84 0.763083988365358 0.763083988365358 0.763083988365358 0.763083988365358 0.5096664625752526 1.3191816011929627
15 90 0.8104766038060348 0.8104766038060348 0.8104766038060348 0.8104766038060348 0.43534284902128023 1.345539521458227
16 96 0.7953382414769572 0.7953382414769572 0.7953382414769572 0.7953382414769572 0.43534284902128023 1.345539521458227
17 102 0.8440197111919386 0.8440197111919386 0.8440197111919386 0.8440197111919386 0.3949433994992969 1.3579468734792015
18 108 0.869969909583535 0.869969909583535 0.869969909583535 0.869969909583535 0.3949433994992969 1.3579468734792015
19 114 0.9228519727133819 0.9228519727133819 0.9228519727133819 0.9228519727133819 0.27775533709835026 1.3866693811840594
20 120 0.9009504861217364 0.9009504861217364 0.9009504861217364 0.9009504861217364 0.27775533709835026 1.3866693811840594
21 126 0.8581417091192249 0.8581417091192249 0.8581417091192249 0.8581417091192249 0.37664079821598606 1.3631367169580697
22 132 0.8592308960702899 0.8592308960702899 0.8592308960702899 0.8592308960702899 0.37664079821598606 1.3631367169580697
23 138 0.9073369928901691 0.9073369928901691 0.9073369928901691 0.9073369928901691 0.30440599059451984 1.3810637178965237
24 144 0.8575086836587436 0.8575086836587436 0.8575086836587436 0.8575086836587436 0.30440599059451984 1.3810637178965237
25 150 0.8835369752847013 0.8835369752847013 0.8835369752847013 0.8835369752847013 0.34126679404140475 1.3724201161760567
26 156 0.8959669700021562 0.8959669700021562 0.8959669700021562 0.8959669700021562 0.34126679404140475 1.3724201161760567
27 162 0.923584675996061 0.923584675996061 0.923584675996061 0.923584675996061 0.27643321798209985 1.3869335513989345
28 168 0.9151524997421736 0.9151524997421736 0.9151524997421736 0.9151524997421736 0.27643321798209985 1.3869335513989345
29 174 0.9251212556109796 0.9251212556109796 0.9251212556109796 0.9251212556109796 0.2736398077565113 1.3874873893520545
30 180 0.9110997503584504 0.9110997503584504 0.9110997503584504 0.9110997503584504 0.2736398077565113 1.3874873893520545
31 186 0.8998640753466985 0.8998640753466985 0.8998640753466985 0.8998640753466985 0.316442608782859 1.3783555692732912
32 192 0.9060761989497795 0.9060761989497795 0.9060761989497795 0.9060761989497795 0.316442608782859 1.3783555692732912
33 198 0.9031418467349946 0.9031418467349946 0.9031418467349946 0.9031418467349946 0.31122042552667595 1.3795440720524281
34 204 0.8979067617607276 0.8979067617607276 0.8979067617607276 0.8979067617607276 0.31122042552667595 1.3795440720524281
35 210 0.8854785775445231 0.8854785775445231 0.8854785775445231 0.8854785775445231 0.33841013940997233 1.3731272983756906
36 216 0.840261337294264 0.840261337294264 0.840261337294264 0.840261337294264 0.33841013940997233 1.3731272983756906
37 222 0.8228702443387719 0.8228702443387719 0.8228702443387719 0.8228702443387719 0.42086786009533717 1.3501371205691561
38 228 0.803537403467912 0.803537403467912 0.803537403467912 0.803537403467912 0.42086786009533717 1.3501371205691561
39 234 0.7812133907824891 0.7812133907824891 0.7812133907824891 0.7812133907824891 0.4677463086091766 1.3346210663639657
40 240 0.6949023253070796 0.6949023253070796 0.6949023253070796 0.6949023253070796 0.4677463086091766 1.3346210663639657
41 246 0.5249999254300239 0.5249999254300239 0.5249999254300239 0.5249999254300239 0.6892024917032555 1.2349088733303457
42 252 0.5304417395028042 0.5304417395028042 0.5304417395028042 0.5304417395028042 0.6892024917032555 1.2349088733303457
43 258 0.3471415078609972 0.3471415078609972 0.3471415078609972 0.3471415078609972 0.8079965916629863 1.1606642528573874
44 264 0.22258843453396865 0.22258843453396865 0.22258843453396865 0.22258843453396865 0.8079965916629863 1.1606642528573874
45 270 0.12234341832592915 0.12234341832592915 0.12234341832592915 0.12234341832592915 0.9368332731463325 1.0594071069829243
46 276 0.263381591753141 0.263381591753141 0.263381591753141 0.263381591753141 0.9368332731463325 1.0594071069829243
47 282 0.3596005389372373 0.3596005389372373 0.3596005389372373 0.3596005389372373 0.80024962421907 1.1660190988732722
48 288 0.48784300610375025 0.48784300610375025 0.48784300610375025 0.48784300610375025 0.80024962421907 1.1660190988732722
49 294 0.34992550738903627 0.34992550738903627 0.34992550738903627 0.34992550738903627 0.8062719718624504 1.1618629469042536
50 300 0.3099975966015492 0.3099975966015492 0.3099975966015492 0.3099975966015492 0.8062719718624504 1.1618629469042536
51 306 0.13399890639420542 0.13399890639420542 0.13399890639420542 0.13399890639420542 0.9305917975169321 1.0648938474769236
52 312 0.10342841500894895 0.10342841500894895 0.10342841500894895 0.10342841500894895 0.9305917975169321 1.0648938474769236
53 318 0.11312787126804615 0.11312787126804615 0.11312787126804615 0.11312787126804615 0.9417388856429122 1.0550487530289991
54 324 0.10083974863123707 0.10083974863123707 0.10083974863123707 0.10083974863123707 0.9417388856429122 1.0550487530289991
55 330 0.23968340779238784 0.23968340779238784 0.23968340779238784 0.23968340779238784 0.8719613478862535 1.1134107093936125
56 336 0.2701144779779997 0.2701144779779997 0.2701144779779997 0.2701144779779997 0.8719613478862535 1.1134107093936125
57 342 0.18956679144066305 0.18956679144066305 0.18956679144066305 0.18956679144066305 0.9002406392511599 1.0906726325715994
58 348 0.05374280789252611 0.05374280789252611 0.05374280789252611 0.05374280789252611 0.9002406392511599 1.0906726325715994
59 354 0.232747046166195 0.232747046166195 0.232747046166195 0.232747046166195 0.8759297653543948 1.1102914239811974
60 360 0.39305191026386227 0.39305191026386227 0.39305191026386227 0.39305191026386227 0.8759297653543948 1.1102914239811974
61 366 0.24609591252820348 0.24609591252820348 0.24609591252820348 0.24609591252820348 0.8682765040422299 1.116286662344491
62 372 0.2192673784592902 0.2192673784592902 0.2192673784592902 0.2192673784592902 0.8682765040422299 1.116286662344491
63 378 0.20923038381818407 0.20923038381818407 0.20923038381818407 0.20923038381818407 0.8892522792671469 1.0996501188187924
64 384 0.1602857964700369 0.1602857964700369 0.1602857964700369 0.1602857964700369 0.8892522792671469 1.0996501188187924
65 390 0.19966177877160035 0.19966177877160035 0.19966177877160035 0.19966177877160035 0.8946162424349335 1.095290727967511
66 396 0.17824142759511558 0.17824142759511558 0.17824142759511558 0.17824142759511558 0.8946162424349335 1.095290727967511
67 402 0.08552677441542861 0.08552677441542861 0.08552677441542861 0.08552677441542861 0.9562809344458203 1.0418861619272177
68 408 0.038063368403470105 0.038063368403470105 0.038063368403470105 0.038063368403470105 0.9562809344458203 1.0418861619272177
69 414 0.2538707238033919 0.2538707238033919 0.2538707238033919 0.2538707238033919 0.8637877495059814 1.1197636910542295
70 420 0.23681152228261876 0.23681152228261876 0.23681152228261876 0.23681152228261876 0.8637877495059814 1.1197636910542295
71 426 0.2473797210299316 0.2473797210299316 0.2473797210299316 0.2473797210299316 0.8675369035205754 1.1168615496246306
72 432 0.45528619030535133 0.45528619030535133 0.45528619030535133 0.45528619030535133 0.8675369035205754 1.1168615496246306
73 438 0.4658843708405178 0.4658843708405178 0.4658843708405178 0.4658843708405178 0.7308321484167771 1.210737118800162
74 444 0.28046877201962794 0.28046877201962794 0.28046877201962794 0.28046877201962794 0.7308321484167771 1.210737118800162
75 450 0.4472672530745078 0.4472672530745078 0.4472672530745078 0.4472672530745078 0.7434599834056249 1.2030242113417784
76 456 0.40112959805397 0.40112959805397 0.40112959805397 0.40112959805397 0.7434599834056249 1.2030242113417784
77 462 0.44801254561994236 0.44801254561994236 0.44801254561994236 0.44801254561994236 0.7429585818738872 1.203333929389487
78 468 0.47707221368055075 0.47707221368055075 0.47707221368055075 0.47707221368055075 0.7429585818738872 1.203333929389487
79 474 0.49718505055839635 0.49718505055839635 0.49718505055839635 0.49718505055839635 0.7090944573479641 1.2235951334319684
80 480 0.22991801975337103 0.22991801975337103 0.22991801975337103 0.22991801975337103 0.7090944573479641 1.2235951334319684
81 486 0.17281025104363917 0.17281025104363917 0.17281025104363917 0.17281025104363917 0.9094997245499093 1.082963642530828
82 492 0.2421718191923238 0.2421718191923238 0.2421718191923238 0.2421718191923238 0.9094997245499093 1.082963642530828
83 498 0.3756456662455564 0.3756456662455564 0.3756456662455564 0.3756456662455564 0.7901609543342696 1.172879220655544
84 504 0.419653155108453 0.419653155108453 0.419653155108453 0.419653155108453 0.7901609543342696 1.172879220655544
85 510 0.47392564661258507 0.47392564661258507 0.47392564661258507 0.47392564661258507 0.7253098326835332 1.2140533952889325
86 516 0.4248074325709694 0.4248074325709694 0.4248074325709694 0.4248074325709694 0.7253098326835332 1.2140533952889325
87 522 0.41581960017042213 0.41581960017042213 0.41581960017042213 0.41581960017042213 0.7643169498510275 1.1898821791128829
88 528 0.5047837519114534 0.5047837519114534 0.5047837519114534 0.5047837519114534 0.7643169498510275 1.1898821791128829
89 534 0.47679126105244285 0.47679126105244285 0.47679126105244285 0.47679126105244285 0.7233316935870826 1.2152330068972135
90 540 0.3406779889561149 0.3406779889561149 0.3406779889561149 0.3406779889561149 0.7233316935870826 1.2152330068972135
91 546 0.2685105803701547 0.2685105803701547 0.2685105803701547 0.2685105803701547 0.8552715473052083 1.1262817499942697
91 546 0.2685105803701547 0.2685105803701547 0.2685105803701547 0.2685105803701547 0.8552715473052083 1.1262817499942697
