% # columns="iteration, evaluation, sigma, axis ratio, bestever, best, median, worst objective function value, interquartile range, further/more values", seed=407473, Wed Sep  2 13:33:30 2026, <python>{}</python>
1 6 0.8461659032201488 1.0000250003125026 0.6358637225637704 6.3586372256377044e-01 57.54704539084443 149.3413562791428 55.22005124028314   
2 12 1.0124359749915446 1.12969578407219 0.3804419889044727 3.8044198890447273e-01 22.07792853155136 36.894304037774404 18.110252688310105   
3 18 0.9917815652252934 1.324493481071025 0.3804419889044727 4.2152483330956453e-01 5.240549377243075 30.22003529719752 9.224312953030283   
4 24 0.8170450909860032 1.514300921940621 0.3804419889044727 3.9492498675805304e-01 11.155025067760578 27.424731981545346 5.900977937370617   
5 30 0.7235385544210814 1.5497390687095938 0.19048362792914217 1.9048362792914217e-01 2.319026986920368 9.041752890374545 1.9711614314858492   
6 36 0.542564856133803 1.4607686213813564 0.19048362792914217 2.8237517904870618e-01 2.7740320383236905 18.773641439137755 6.926564794776375   
7 42 0.48456343058898926 1.5511959570805205 0.19048362792914217 2.4863288393347649e-01 3.8396848905294054 22.739098037502313 7.2950579751230125   
8 48 0.40462108743483827 1.8475077957245 0.0801205229954271 8.0120522995427101e-02 1.5774582742922054 4.129415403565234 1.4204868140783988   
9 54 0.33411160039228494 1.833398060236085 0.0801205229954271 1.5862819158927591e-01 0.8852313634036049 21.594683724150904 4.610383332775126   
10 60 0.26749107043223974 1.7026018414227488 0.050494931587601606 5.0494931587601606e-02 0.4408799539265663 0.8289404282711891 0.3011946665040801   
11 66 0.24437611338825477 1.8692552892808205 0.050494931587601606 7.8068840009079363e-02 0.279012404057784 2.135679004143322 1.831871297439076   
12 72 0.1973501726313817 2.1605556628717792 0.050494931587601606 8.3190444745699865e-02 0.29645392286543926 0.4911958674245369 0.25226784297707505   
13 78 0.15945520322939521 2.245002684126818 0.050494931587601606 5.1317918794900233e-02 0.09680296738726467 0.2390313316054665 0.03805926478074961   
14 84 0.14002780299977438 2.738037992799328 0.05022860816334743 5.0228608163347427e-02 0.06491016376349083 0.179931650934626 0.05754130764554631   
15 90 0.10530682019175124 2.8070267762608103 0.04518078128734617 4.5180781287346171e-02 0.1010765968489676 0.31551141910023445 0.1865087789904738   
16 96 0.08518601681034697 3.1455816211136245 0.04518078128734617 4.6946221158606062e-02 0.05143467984773569 0.057312392678290656 0.00564743136563884   
17 102 0.07931243507737787 2.9887385967364115 0.04335287468690803 4.3352874686908030e-02 0.05082107183130689 0.05815732423743626 0.007947654337937246   
18 108 0.0664590860788732 3.4718620300792513 0.04335287468690803 4.3485701262634215e-02 0.04532275008629463 0.05495984550599972 0.0025195447968454215   
19 114 0.09265981825241863 3.82136124798948 0.04242914461624061 4.2429144616240609e-02 0.0462346019475434 0.04883628773443042 0.003097545925068383   
20 120 0.06725095101031374 5.197788130928162 0.04242914461624061 4.4152158359239857e-02 0.04956376537571171 0.12288025473126162 0.02833916594010827   
21 126 0.05437341105143243 4.648576136748467 0.04242914461624061 4.2896715997234103e-02 0.045642853465677195 0.04748204509921005 0.00315850291917745   
22 132 0.039667209749952914 3.821175544875207 0.04242914461624061 4.2809189645880631e-02 0.04433830884741903 0.04882096803160806 0.0012708758525408828   
23 138 0.04867392390240586 3.7375908339596964 0.04211812057698047 4.2118120576980472e-02 0.04417723896388314 0.046617167448503895 0.00279470655423137   
24 144 0.058298735605750523 4.876194309790786 0.04175675063321758 4.1756750633217578e-02 0.04280975906111576 0.050738866777319466 0.0012398540171862857   
25 150 0.0907406122984079 4.19033342035858 0.04089769739639982 4.0897697396399819e-02 0.04176625178278551 0.04255484161643519 0.0003173618561466626   
26 156 0.12302724544042044 4.863471009945185 0.04089769739639982 4.1126820854462176e-02 0.044190246825844375 0.04647345114534048 0.00327136071672144   
27 162 0.10490676246247051 5.559442443421189 0.04020540051373673 4.0205400513736729e-02 0.04540518655059468 0.05429852033102847 0.00983611199608616   
28 168 0.08271026084734592 6.819315633516987 0.04020540051373673 4.0345280417084031e-02 0.041497455668328756 0.04276442696437535 0.0007432930139879071   
29 174 0.07880347700378648 6.4869351344396105 0.04020540051373673 4.1146189847982961e-02 0.04758784018989291 0.07037869043670145 0.006501477238407792   
30 180 0.06850751625985937 7.549578177949494 0.04020540051373673 4.0921137651544898e-02 0.04116405291629261 0.04280057474428177 0.00036561492505989696   
31 186 0.05766927032114788 7.233114536735935 0.04020540051373673 4.0450745208316201e-02 0.04142938772039294 0.04235053973221785 0.0007361017794304536   
32 192 0.055394009717199315 6.965127376235341 0.04020540051373673 4.0350954914429256e-02 0.04084396626680818 0.041255948551102845 0.0007650822192212872   
33 198 0.06485674212567318 7.220089513585753 0.04016686828133879 4.0166868281338787e-02 0.04039660604008737 0.04063962230616037 0.00010900808544876683   
34 204 0.08530388923448011 7.7191291040582595 0.04016686828133879 4.0192673784033309e-02 0.04082193873809343 0.04103134150780834 0.0006609820005812062   
35 210 0.06529550140758979 8.943764037756589 0.04016686828133879 4.0172349947711017e-02 0.04208412752904075 0.05346512334746297 0.004343616961880299   
36 216 0.054510463940651586 8.43023373921726 0.04014907754447701 4.0149077544477010e-02 0.04056424323331764 0.04117458049129405 0.0004954887837177527   
37 222 0.045775276737490336 6.579812764613747 0.04008810780601432 4.0088107806014323e-02 0.0403506623423529 0.04044925848456023 0.00025311349505951347   
38 228 0.03767837707117167 6.540379469211758 0.040045189962582106 4.0045189962582106e-02 0.04021804466864616 0.040495466570301356 0.00012473172773526386   
39 234 0.03777460486934615 6.795863708593783 0.040042723259389366 4.0042723259389366e-02 0.040076751749268405 0.04017893109088109 9.38545159269305e-05   
40 240 0.027259841441021452 6.526746812441519 0.040041995621779986 4.0041995621779986e-02 0.04010558185606734 0.04016627385115575 7.792477046150714e-05   
41 246 0.02540677088056126 6.119232487260163 0.04003332000525144 4.0033320005251442e-02 0.04009046499329871 0.040114359564457865 5.318135379387551e-05   
42 252 0.02352673632590849 5.22295083063809 0.04002685521218816 4.0026855212188163e-02 0.04004322055753693 0.040053767420952895 1.3851226672224881e-05   
43 258 0.026162652964686322 6.315937069415136 0.04001500466406255 4.0015004664062548e-02 0.0400349809510045 0.04005835970891221 3.839897212519483e-05   
44 264 0.029704717017987846 7.268417747579791 0.04000541703211522 4.0005417032115222e-02 0.04001891075644007 0.04002768127010805 5.045557405609913e-06   
45 270 0.037034943319196635 9.50842329620799 0.04000037347862801 4.0000373478628011e-02 0.04000446384734617 0.040016373610673624 3.097691908669764e-06   
46 276 0.03580255561260939 12.321158806030924 0.04000037347862801 4.0001295079636359e-02 0.040005380825873106 0.0400357622437813 1.699995490546391e-05   
47 282 0.02958311185618547 12.425159928279113 0.04000037347862801 4.0015741151372242e-02 0.04001864842372038 0.040036567400863 6.256318020515794e-06   
48 288 0.029828332746120068 12.023214963061902 0.04000037347862801 4.0001334991956419e-02 0.040011746995462324 0.040024675974797655 1.7034196200756135e-05   
49 294 0.024675226112802408 10.849778974369075 0.04000018290649823 4.0000182906498233e-02 0.04000407125901908 0.040016962278112536 3.874798601602447e-06   
50 300 0.020813376409461324 8.898036491791276 0.04000018290649823 4.0000281284117825e-02 0.04000100397687387 0.04000258548689857 7.692898371589041e-07   
51 306 0.015332685851025527 8.873904853580017 0.04000005334007234 4.0000053340072339e-02 0.04000051619212273 0.04000110358025283 9.25803109841361e-07   
52 312 0.011328003564110355 8.49010500922625 0.04000005334007234 4.0000068573190231e-02 0.0400012267111788 0.040001984536586155 9.47176277375783e-07   
53 318 0.010703087131852286 10.122474202321895 0.04000005334007234 4.0000105199462989e-02 0.040000386994958156 0.04000069591242464 2.919112122717893e-07   
54 324 0.007916070957210012 9.090373771225662 0.04000000182136158 4.0000001821361583e-02 0.04000020100027726 0.04000056231324435 4.381706650083417e-07   
55 330 0.006873826153623884 8.4434205786775 0.04000000182136158 4.0000010812607963e-02 0.04000024828105116 0.04000040486490989 2.400205141722678e-07   
56 336 0.006164773887227735 10.998751194311252 0.04000000182136158 4.0000008153006084e-02 0.040000077317871384 0.040000099293456805 5.955307081501049e-08   
57 342 0.005000723464412095 9.480318234908085 0.04000000182136158 4.0000003325626560e-02 0.04000005548503144 0.04000009094944785 6.800506852089327e-08   
58 348 0.004005315001126963 9.218436757183868 0.04000000012433992 4.0000000124339921e-02 0.04000003261039308 0.040000083902335566 5.5147507345421065e-08   
59 354 0.0031177148489763937 8.114844578394608 0.040000000089303 4.0000000089303003e-02 0.04000000966634632 0.040000021445379376 1.4008838020163061e-08   
60 360 0.002201131266215258 8.866860479415319 0.04000000007513098 4.0000000075130979e-02 0.04000000065671589 0.04000001292073432 7.349272371226512e-10   
61 366 0.001961750512157134 7.945261055337911 0.04000000007513098 4.0000000399701835e-02 0.04000000168786328 0.04000000386376908 1.0228764155129078e-09   
62 372 0.0017075591168082553 8.226139408590873 0.04000000007513098 4.0000000103106337e-02 0.04000000046155938 0.04000000386226472 1.4656229146980948e-09   
63 378 0.0018339712826632587 7.685577587536418 0.04000000007513098 4.0000000613650818e-02 0.04000000180850779 0.04000000290539835 1.7883845446209357e-09   
64 384 0.0015233250140862103 6.547779426037261 0.04000000007513098 4.0000000752031598e-02 0.040000001477489354 0.04000000353104108 1.572319781317777e-09   
65 390 0.0014310664935753708 7.199464205402868 0.040000000031229194 4.0000000031229194e-02 0.04000000081964077 0.04000000135683801 1.2916751140901184e-09   
66 396 0.0013670574580143665 8.84859826055893 0.040000000031229194 4.0000000136268650e-02 0.040000000734547306 0.04000000086710987 6.827699378098018e-10   
67 402 0.0010940971434886995 9.918421639582563 0.04000000001602377 4.0000000016023773e-02 0.040000000758789796 0.040000001165336585 8.510238000414283e-10   
68 408 0.0008019730352863583 9.449382366208726 0.040000000010689554 4.0000000010689554e-02 0.04000000019963993 0.04000000045892196 9.907735049052846e-11   
69 414 0.0008294879592714633 8.276707287804564 0.040000000010689554 4.0000000013446911e-02 0.04000000007379506 0.040000000258982565 9.456115751538263e-11   
70 420 0.0007219373156158601 6.787706607873805 0.04000000001031879 4.0000000010318788e-02 0.04000000006049779 0.04000000030473864 1.7964845583362532e-10   
71 426 0.0005870515377873785 6.2113616569227865 0.04000000001031879 4.0000000016966013e-02 0.04000000007943962 0.04000000013838701 5.331347863180014e-11   
72 432 0.0005386625867582124 7.7162201217100375 0.040000000002114414 4.0000000002114414e-02 0.040000000019690604 0.04000000011087884 5.900239324896361e-11   
73 438 0.0004999760162250513 7.703705246794503 0.040000000002114414 4.0000000006116712e-02 0.04000000001923911 0.040000000034572714 1.486493567126601e-11   
74 444 0.0004738966295927339 8.447505910758196 0.040000000002114414 4.0000000004723535e-02 0.040000000009128636 0.04000000004485442 2.5136254189206397e-11   
75 450 0.00041527892506124325 7.5755568733708225 0.040000000002114414 4.0000000002129894e-02 0.040000000024604125 0.04000000002846981 1.5853880708238677e-11   
76 456 0.00035218138215344796 6.863762161652459 0.04000000000040272 4.0000000000402720e-02 0.04000000001559729 0.040000000032463505 2.226164391716523e-11   
77 462 0.0003412724556045587 7.7586900506468055 0.04000000000040272 4.0000000001179516e-02 0.0400000000037689 0.04000000001028807 2.3182289421441737e-12   
78 468 0.00024005858416130315 8.973957206433006 0.040000000000397655 4.0000000000397655e-02 0.04000000000804064 0.040000000017118946 7.119305145408816e-12   
79 474 0.00019498255424830473 11.096576042434481 0.040000000000397655 4.0000000000443209e-02 0.04000000000308538 0.040000000003777514 3.073208354464896e-12   
80 480 0.0002219744125048842 13.49702196987709 0.040000000000043875 4.0000000000043875e-02 0.04000000000025826 0.04000000000259848 5.770106614733095e-13   
81 486 0.00020234570465457914 9.3787482774033 0.040000000000005226 4.0000000000005226e-02 0.04000000000063131 0.0400000000018533 1.3970144485675462e-12   
82 492 0.00016382653040314472 8.902771939962475 0.040000000000005226 4.0000000000020040e-02 0.04000000000036321 0.04000000000048255 4.1675690676257204e-13   
83 498 0.00013857949444702277 10.317693317768567 0.040000000000005226 4.0000000000130292e-02 0.040000000000452285 0.0400000000007828 3.053529651353415e-13   
84 504 0.00010171339736819964 9.634016473780843 0.04000000000000329 4.0000000000003290e-02 0.04000000000031466 0.040000000000371586 2.958674971687003e-13   
85 510 8.552492618387089e-05 8.41335204102035 0.04000000000000153 4.0000000000001527e-02 0.040000000000044146 0.040000000000081075 1.9498291869979312e-14   
86 516 6.867377886788043e-05 9.379028972709882 0.04000000000000153 4.0000000000006711e-02 0.040000000000026396 0.040000000000118 1.9935442185925467e-14   
87 522 5.915096084083129e-05 9.666305576045998 0.04000000000000153 4.0000000000006641e-02 0.04000000000001757 0.040000000000079215 1.2941037130786981e-14   
88 528 4.748504883789705e-05 9.525764408511533 0.040000000000000306 4.0000000000000306e-02 0.04000000000001669 0.040000000000045194 7.5842110369706e-15   
89 534 4.1779695094998345e-05 9.150157906512895 0.040000000000000306 4.0000000000002367e-02 0.04000000000000987 0.0400000000000232 9.492406860545088e-15   
90 540 4.091457169228043e-05 9.282142391290929 0.040000000000000306 4.0000000000000445e-02 0.04000000000000429 0.04000000000000989 6.376843497690743e-15   
91 546 3.539767142092663e-05 8.527098640464732 0.04000000000000016 4.0000000000000160e-02 0.040000000000002506 0.04000000000000973 3.975986206938842e-15   
