% # columns="iteration, evaluation, sigma, void, void,  stds==sigma*sigma_vec.scaling*sqrt(diag(C))", seed=318513, Wed Sep 23 12:02:26 2026, <python>{}</python>
1 6 0.9472046307018275 0 0 0.536573499954155 0.5414081511326416
2 12 0.8371479578893964 0 0 0.39230542781172256 0.478499533952606
3 18 0.650247532465069 0 0 0.26296885174630596 0.3462383577733049
4 24 0.6168129125414819 0 0 0.2538354932728668 0.3028094064771599
5 30 0.48815543545919 0 0 0.20397599926893195 0.2014985979536203
6 36 0.4789722844219875 0 0 0.1917412989931343 0.18057588491144186
7 42 0.34044361934769185 0 0 0.11130206768062015 0.11364701569208092
8 48 0.44158553659684535 0 0 0.2006512566388554 0.1298207506429082
9 54 0.3886893145706671 0 0 0.2009194009149538 0.10013266217530006
10 60 0.3430856826451176 0 0 0.15321728420057726 0.08652185882221632
11 66 0.25005962498098605 0 0 0.10874141664878328 0.05467642341658481
12 72 0.2161399458082416 0 0 0.09414942758472589 0.03826139638045011
13 78 0.22678648701251944 0 0 0.1109615718047739 0.037138374634001416
14 84 0.21360233517353142 0 0 0.10037918981714666 0.035050396786736035
15 90 0.23079802570072755 0 0 0.10752995454460604 0.036453487409552406
16 96 0.20846158978048596 0 0 0.08451559330246664 0.028207937331259987
17 102 0.22835925235216145 0 0 0.08189727937535063 0.027232319067594192
18 108 0.24435526178481623 0 0 0.08227641358876667 0.02419323957007919
19 114 0.27146297407892167 0 0 0.07311468230841581 0.026580869148341485
20 120 0.24600328201739322 0 0 0.05873637682533817 0.021287531208954224
21 126 0.25108630873896864 0 0 0.05623873295530628 0.020569097892497848
22 132 0.1934942702241031 0 0 0.035470567276379886 0.015281004708595714
23 138 0.1919046820828562 0 0 0.03562138881677561 0.01403897927960202
24 144 0.3302999282945096 0 0 0.06765144693951199 0.026452149379223206
25 150 0.4025314301644454 0 0 0.07247425056478066 0.032955262782991566
26 156 0.4172599253460716 0 0 0.06008062916113366 0.03292673936402107
27 162 0.44886519296241384 0 0 0.07092671630310983 0.03661724902461713
28 168 0.41141999862728584 0 0 0.06353012828934224 0.03131455918583026
29 174 0.41547402707979164 0 0 0.060254663635432006 0.03277586057708813
30 180 0.47278678951179576 0 0 0.06367464438768042 0.03839640954386205
31 186 0.3694511976915108 0 0 0.04180306063367435 0.027263739109491203
32 192 0.3512790676119224 0 0 0.042983727526928715 0.026425063856988246
33 198 0.46908782987426484 0 0 0.06660751870973851 0.04393744330530949
34 204 0.434290716972652 0 0 0.051193358764288134 0.03521672538796508
35 210 0.39686814830276945 0 0 0.03991391235837073 0.02954269962014036
36 216 0.33770391526308086 0 0 0.030648370147724893 0.02213792761485277
37 222 0.4135927079700535 0 0 0.042806008811239624 0.03445917527097188
38 228 0.5078989449416362 0 0 0.049663491471804 0.04419676349796685
39 234 0.5736559501499393 0 0 0.061346758570537084 0.05553198122143231
40 240 0.6307662491883758 0 0 0.06536767158171594 0.062282351317063826
41 246 0.7128484177455263 0 0 0.07300405806690284 0.07231062907707504
42 252 0.5336753134628754 0 0 0.047004684071413005 0.0483543448482794
43 258 0.4400965202248886 0 0 0.03727660357811666 0.039056966930832
44 264 0.5023486215574107 0 0 0.03942633422578111 0.0432756448052011
45 270 0.4206962507617279 0 0 0.027000156896791864 0.029038010921581175
46 276 0.5349845386737256 0 0 0.041702712831750845 0.04701733623614858
47 282 1.0384352704799353 0 0 0.07731611338223711 0.08841020774278983
48 288 1.541844661187645 0 0 0.11405596624146219 0.1302612932177826
49 294 1.589229536500041 0 0 0.1230003511994116 0.1371266610886598
50 300 1.5186811241363265 0 0 0.11097029083940901 0.1232721400892271
51 306 1.3053937608517556 0 0 0.08411456941718146 0.0943252659507685
52 312 1.1312667872451825 0 0 0.06677193261303936 0.07530917614557071
53 318 1.0310739546758536 0 0 0.06143660609244923 0.06904755429129701
54 324 0.9100073445301928 0 0 0.05108134398541178 0.05624447313656261
55 330 0.7389143915815513 0 0 0.03834948837560462 0.04142261170366142
56 336 0.6690163808619233 0 0 0.02828708274587427 0.03050965017552316
57 342 0.5346605912166887 0 0 0.019035236411538085 0.020143153473866752
58 348 0.5235290118168568 0 0 0.018530177154356415 0.019501363706375813
59 354 0.4005833760056801 0 0 0.011440359018414894 0.0118171722706969
60 360 0.3603112933946829 0 0 0.01000955326088558 0.010184788406586626
61 366 0.2824378039786834 0 0 0.006307106657451478 0.006474528398604044
62 372 0.25507924254373465 0 0 0.005075050887206705 0.005190808529949039
63 378 0.29627895411419614 0 0 0.004779140466511839 0.005162801765449146
64 384 0.2124262962231724 0 0 0.0028000820977439013 0.002868662633730055
65 390 0.16428238029186729 0 0 0.0019071719727596702 0.0018127508734716146
66 396 0.17653078906586617 0 0 0.0019853968351561217 0.0015974474005835554
67 402 0.15757963550511364 0 0 0.0016860015469090384 0.0011940284847363055
68 408 0.12414977761032832 0 0 0.0011263009458270133 0.0007660525320193402
69 414 0.1332975722080227 0 0 0.0012253128462116941 0.0006767345899340606
70 420 0.14098586767175925 0 0 0.0011491120715364906 0.000584631808003262
71 426 0.16914620665118904 0 0 0.001647639892575096 0.0005997971197603993
72 432 0.22858641833120522 0 0 0.002755311294524293 0.0007576589225135536
73 438 0.3347939908524942 0 0 0.00537149683765653 0.0011062969804445915
74 444 0.3348738892296159 0 0 0.004801837319203261 0.0010064489939531403
75 450 0.375907974828331 0 0 0.005439436541180505 0.0009768140467078209
76 456 0.28894999453646036 0 0 0.0037688943253181085 0.0006235684476306202
77 462 0.3017905529158519 0 0 0.00344738722850732 0.0005959137249509364
78 468 0.2636885944010224 0 0 0.0027995456954353396 0.00041970939500823065
79 474 0.287887702244352 0 0 0.002957251839566102 0.00043702968311036457
80 480 0.24762437415724348 0 0 0.002319726779549104 0.00032346117467477376
81 486 0.21312099543394844 0 0 0.001771418175763166 0.00023948988281365783
82 492 0.21862160565290412 0 0 0.001729732678700127 0.000251682597617239
83 498 0.19738819210861921 0 0 0.0014447973533726563 0.0001968612142251129
84 504 0.14982956686334867 0 0 0.0010081607250554288 0.00013366762669055025
85 510 0.13563374888414548 0 0 0.0009462887780246458 0.00010065314292792069
86 516 0.12744246663832756 0 0 0.0007945993109172199 9.39409055639154e-05
87 522 0.09850817054585617 0 0 0.0005813597198324716 6.087043039386284e-05
88 528 0.08654444824916577 0 0 0.0004676796667976323 4.905628949319072e-05
89 534 0.07137804698325181 0 0 0.00032811810595621366 3.564618053301814e-05
90 540 0.05312837295304246 0 0 0.00020811242210895094 2.436115253405467e-05
91 546 0.045157337812559956 0 0 0.0001638070286487093 1.9373017625344363e-05
92 552 0.03462949255042926 0 0 0.00010958556460012649 1.2976427597492034e-05
93 558 0.03048283647468483 0 0 9.381880046792056e-05 9.903255865146344e-06
94 564 0.023716640079821966 0 0 5.9486271514976585e-05 7.2488900379744796e-06
95 570 0.020267162657356726 0 0 4.581795856421927e-05 5.806709557132085e-06
96 576 0.019688081872846704 0 0 4.738329253969474e-05 5.0451928234884554e-06
97 582 0.016282173104882523 0 0 3.787808422967809e-05 3.723590903555269e-06
98 588 0.015414394166639634 0 0 2.904598986056604e-05 3.836941536861365e-06
99 594 0.012266153264413639 0 0 1.884002559652233e-05 2.731702075627927e-06
100 600 0.008862487482257406 0 0 1.1551630685036375e-05 1.7468967656721867e-06
101 606 0.00649184750148413 0 0 8.028581735525062e-06 1.0950309613285197e-06
102 612 0.006346241462595044 0 0 7.948665759568454e-06 1.006740788267803e-06
103 618 0.004970513001587966 0 0 5.820015698942485e-06 6.813914322679274e-07
104 624 0.004224610540854088 0 0 4.593199618465236e-06 5.046752005507705e-07
105 630 0.0037025631542325246 0 0 3.624445608618871e-06 3.658133900698821e-07
106 636 0.0034050210171911485 0 0 2.9318100814058394e-06 3.131356469400526e-07
107 642 0.002585849135919274 0 0 1.922000061905359e-06 2.1949115041051923e-07
108 648 0.0020424567841405483 0 0 1.3275364639988395e-06 1.4943477266935954e-07
109 654 0.0015278767664840742 0 0 8.949955341653272e-07 9.626126832081347e-08
110 660 0.0011671935534232978 0 0 6.035965095909858e-07 6.394704983689391e-08
111 666 0.0010141333690045016 0 0 5.253970737404377e-07 4.611095360864194e-08
112 672 0.000848147449757071 0 0 3.771082929150159e-07 3.8025232043487756e-08
113 678 0.0006384337210602746 0 0 2.404531014557235e-07 2.668520274965685e-08
114 684 0.0006174343966832085 0 0 2.157229685007598e-07 2.4658941050708964e-08
115 690 0.0004660052697210906 0 0 1.3283431493592989e-07 1.744698554802804e-08
116 696 0.0003521457125545601 0 0 9.016255083728151e-08 1.1566856699559949e-08
117 702 0.0003001965581121306 0 0 6.597035153867693e-08 9.116893785298096e-09
118 708 0.0002454328238271677 0 0 4.8848968431932526e-08 6.691651615917201e-09
119 714 0.0002251370836181168 0 0 4.431050356193372e-08 5.399441283143652e-09
120 720 0.00020903671389202206 0 0 3.879860781988453e-08 4.580234372186579e-09
121 726 0.00016119581087679653 0 0 2.3434714679125887e-08 3.439772647202932e-09
122 732 0.00015950565993769442 0 0 2.334679072121605e-08 3.229621170106159e-09
123 738 0.00013847918669546454 0 0 1.7395099276221676e-08 2.661642467693199e-09
124 744 0.00010640265043191735 0 0 1.1944020018836379e-08 1.830701874446168e-09
125 750 8.637058251680407e-05 0 0 8.970252996048869e-09 1.267692157786605e-09
125 750 8.637058251680407e-05 0 0 8.970252996048869e-09 1.267692157786605e-09
