% # columns="iteration, evaluation, min max(neg(.)) min(pos(.)) max correlation, correlation matrix principal axes lengths  (sorted square roots of eigenvalues of correlation matrix)", seed=505051, Sat Sep 26 19:50:59 2026
1 6 -0.08480219664295162 -0.08480219664295162 -0.08480219664295162 -0.08480219664295162 0.9566597113692249 1.0415383798223432
2 12 -0.08480219664295162 -0.08480219664295162 -0.08480219664295162 -0.08480219664295162 0.9566597113692249 1.0415383798223432
3 18 -0.08985780809911353 -0.08985780809911353 -0.08985780809911353 -0.08985780809911353 0.9540137273126036 1.043962551099949
4 24 -0.08985780809911353 -0.08985780809911353 -0.08985780809911353 -0.08985780809911353 0.9540137273126036 1.043962551099949
5 30 -0.06405553519170892 -0.06405553519170892 -0.06405553519170892 -0.06405553519170892 0.967442228150235 1.0315306758365013
6 36 -0.06405553519170892 -0.06405553519170892 -0.06405553519170892 -0.06405553519170892 0.967442228150235 1.0315306758365013
7 42 -0.5219760024960196 -0.5219760024960196 -0.5219760024960196 -0.5219760024960196 0.6913927953804411 1.2336839151484547
8 48 -0.5219760024960196 -0.5219760024960196 -0.5219760024960196 -0.5219760024960196 0.6913927953804411 1.2336839151484547
9 54 -0.665531679994943 -0.665531679994943 -0.665531679994943 -0.665531679994943 0.5783323611947172 1.2905547954251857
10 60 -0.665531679994943 -0.665531679994943 -0.665531679994943 -0.665531679994943 0.5783323611947172 1.2905547954251857
11 66 -0.8342554989031707 -0.8342554989031707 -0.8342554989031707 -0.8342554989031707 0.4071173063096547 1.3543468901663158
12 72 -0.8342554989031707 -0.8342554989031707 -0.8342554989031707 -0.8342554989031707 0.4071173063096547 1.3543468901663158
13 78 -0.8760898614814118 -0.8760898614814118 -0.8760898614814118 -0.8760898614814118 0.35200871937863726 1.36970429709533
14 84 -0.8760898614814118 -0.8760898614814118 -0.8760898614814118 -0.8760898614814118 0.35200871937863726 1.36970429709533
15 90 -0.9112188359641065 -0.9112188359641065 -0.9112188359641065 -0.9112188359641065 0.2979616821604645 1.3824683851589903
16 96 -0.9112188359641065 -0.9112188359641065 -0.9112188359641065 -0.9112188359641065 0.2979616821604645 1.3824683851589903
17 102 -0.9262002055894373 -0.9262002055894373 -0.9262002055894373 -0.9262002055894373 0.2716611757512703 1.3878761492256566
18 108 -0.9262002055894373 -0.9262002055894373 -0.9262002055894373 -0.9262002055894373 0.2716611757512703 1.3878761492256566
19 114 -0.9611581882127117 -0.9611581882127117 -0.9611581882127117 -0.9611581882127117 0.19708326105300905 1.400413577559398
20 120 -0.9611581882127117 -0.9611581882127117 -0.9611581882127117 -0.9611581882127117 0.19708326105300905 1.400413577559398
21 126 -0.9764889168010522 -0.9764889168010522 -0.9764889168010522 -0.9764889168010522 0.15333324231538173 1.405876565279133
22 132 -0.9764889168010522 -0.9764889168010522 -0.9764889168010522 -0.9764889168010522 0.15333324231538173 1.405876565279133
23 138 -0.9825188560119458 -0.9825188560119458 -0.9825188560119458 -0.9825188560119458 0.13221627731884772 1.4080194799831236
24 144 -0.9825188560119458 -0.9825188560119458 -0.9825188560119458 -0.9825188560119458 0.13221627731884772 1.4080194799831236
25 150 -0.9573653254270824 -0.9573653254270824 -0.9573653254270824 -0.9573653254270824 0.20648165674683422 1.3990587283695715
26 156 -0.9573653254270824 -0.9573653254270824 -0.9573653254270824 -0.9573653254270824 0.20648165674683422 1.3990587283695715
27 162 -0.9040444578770301 -0.9040444578770301 -0.9040444578770301 -0.9040444578770301 0.309766915797943 1.3798711743771699
28 168 -0.9040444578770301 -0.9040444578770301 -0.9040444578770301 -0.9040444578770301 0.309766915797943 1.3798711743771699
29 174 -0.9091730086538743 -0.9091730086538743 -0.9091730086538743 -0.9091730086538743 0.3013751671026094 1.381728268746744
30 180 -0.9091730086538743 -0.9091730086538743 -0.9091730086538743 -0.9091730086538743 0.3013751671026094 1.381728268746744
31 186 -0.7884968847537923 -0.7884968847537923 -0.7884968847537923 -0.7884968847537923 0.4598946784277979 1.3373469575072103
32 192 -0.7884968847537923 -0.7884968847537923 -0.7884968847537923 -0.7884968847537923 0.4598946784277979 1.3373469575072103
33 198 -0.6451058089119366 -0.6451058089119366 -0.6451058089119366 -0.6451058089119366 0.5957299649069733 1.282616781783217
34 204 -0.6451058089119366 -0.6451058089119366 -0.6451058089119366 -0.6451058089119366 0.5957299649069733 1.282616781783217
35 210 -0.46599982654403654 -0.46599982654403654 -0.46599982654403654 -0.46599982654403654 0.7307531549408209 1.2107847977836674
36 216 -0.46599982654403654 -0.46599982654403654 -0.46599982654403654 -0.46599982654403654 0.7307531549408209 1.2107847977836674
37 222 -0.10112252704828455 -0.10112252704828455 -0.10112252704828455 -0.10112252704828455 0.9480914897580905 1.049343855486982
38 228 -0.10112252704828455 -0.10112252704828455 -0.10112252704828455 -0.10112252704828455 0.9480914897580905 1.049343855486982
39 234 -0.27502878144471127 -0.27502878144471127 -0.27502878144471127 -0.27502878144471127 0.8514524170822989 1.1291717236296308
40 240 -0.27502878144471127 -0.27502878144471127 -0.27502878144471127 -0.27502878144471127 0.8514524170822989 1.1291717236296308
41 246 -0.10303548143968105 -0.10303548143968105 -0.10303548143968105 -0.10303548143968105 0.9470821076128084 1.0502549602071303
42 252 -0.10303548143968105 -0.10303548143968105 -0.10303548143968105 -0.10303548143968105 0.9470821076128084 1.0502549602071303
43 258 0.04078261511219216 0.04078261511219216 0.04078261511219216 0.04078261511219216 0.9793964390826669 1.020187539186885
44 264 0.04078261511219216 0.04078261511219216 0.04078261511219216 0.04078261511219216 0.9793964390826669 1.020187539186885
45 270 0.24591410171775294 0.24591410171775294 0.24591410171775294 0.24591410171775294 0.868381194109043 1.1162052238355422
46 276 0.24591410171775294 0.24591410171775294 0.24591410171775294 0.24591410171775294 0.868381194109043 1.1162052238355422
47 282 0.3476820853789466 0.3476820853789466 0.3476820853789466 0.3476820853789466 0.8076620051859895 1.160897103699956
48 288 0.3476820853789466 0.3476820853789466 0.3476820853789466 0.3476820853789466 0.8076620051859895 1.160897103699956
49 294 0.33363123707586567 0.33363123707586567 0.33363123707586567 0.33363123707586567 0.8163141325030054 1.1548295272791849
50 300 0.33363123707586567 0.33363123707586567 0.33363123707586567 0.33363123707586567 0.8163141325030054 1.1548295272791849
51 306 0.40382891555903827 0.40382891555903827 0.40382891555903827 0.40382891555903827 0.7721211591719022 1.1848328639766195
52 312 0.40382891555903827 0.40382891555903827 0.40382891555903827 0.40382891555903827 0.7721211591719022 1.1848328639766195
53 318 0.3008933606508966 0.3008933606508966 0.3008933606508966 0.3008933606508966 0.8361259709811095 1.1405671223785545
54 324 0.3008933606508966 0.3008933606508966 0.3008933606508966 0.3008933606508966 0.8361259709811095 1.1405671223785545
55 330 0.4445999824868936 0.4445999824868936 0.4445999824868936 0.4445999824868936 0.7452516471052623 1.201915131149822
56 336 0.4445999824868936 0.4445999824868936 0.4445999824868936 0.4445999824868936 0.7452516471052623 1.201915131149822
57 342 0.20402175104447562 0.20402175104447562 0.20402175104447562 0.20402175104447562 0.8921761311285594 1.0972792493456147
58 348 0.20402175104447562 0.20402175104447562 0.20402175104447562 0.20402175104447562 0.8921761311285594 1.0972792493456147
59 354 0.05456342352241108 0.05456342352241108 0.05456342352241108 0.05456342352241108 0.9723356295423864 1.0269193851137541
60 360 0.05456342352241108 0.05456342352241108 0.05456342352241108 0.05456342352241108 0.9723356295423864 1.0269193851137541
61 366 0.11953479436059435 0.11953479436059435 0.11953479436059435 0.11953479436059435 0.9383310746423171 1.0580807125926617
62 372 0.11953479436059435 0.11953479436059435 0.11953479436059435 0.11953479436059435 0.9383310746423171 1.0580807125926617
63 378 0.4778330516008406 0.4778330516008406 0.4778330516008406 0.4778330516008406 0.7226112014072016 1.2156615695171253
64 384 0.4778330516008406 0.4778330516008406 0.4778330516008406 0.4778330516008406 0.7226112014072016 1.2156615695171253
65 390 0.39577635169128594 0.39577635169128594 0.39577635169128594 0.39577635169128594 0.777318241332798 1.1814297912661953
66 396 0.39577635169128594 0.39577635169128594 0.39577635169128594 0.39577635169128594 0.777318241332798 1.1814297912661953
67 402 0.5714997990979834 0.5714997990979834 0.5714997990979834 0.5714997990979834 0.6545992674163458 1.253594750746023
68 408 0.5714997990979834 0.5714997990979834 0.5714997990979834 0.5714997990979834 0.6545992674163458 1.253594750746023
69 414 0.4050964274343067 0.4050964274343067 0.4050964274343067 0.4050964274343067 0.7712999238724797 1.1853676338732666
70 420 0.4050964274343067 0.4050964274343067 0.4050964274343067 0.4050964274343067 0.7712999238724797 1.1853676338732666
71 426 0.32351839584874664 0.32351839584874664 0.32351839584874664 0.32351839584874664 0.822485017584669 1.1504426955953724
72 432 0.32351839584874664 0.32351839584874664 0.32351839584874664 0.32351839584874664 0.822485017584669 1.1504426955953724
73 438 -0.04310152891366264 -0.04310152891366264 -0.04310152891366264 -0.04310152891366264 0.978211874333131 1.0213234203295558
74 444 -0.04310152891366264 -0.04310152891366264 -0.04310152891366264 -0.04310152891366264 0.978211874333131 1.0213234203295558
75 450 -0.08811161615459072 -0.08811161615459072 -0.08811161615459072 -0.08811161615459072 0.9549284705387148 1.043125887012009
76 456 -0.08811161615459072 -0.08811161615459072 -0.08811161615459072 -0.08811161615459072 0.9549284705387148 1.043125887012009
77 462 0.17375044072207121 0.17375044072207121 0.17375044072207121 0.17375044072207121 0.908982705708931 1.0833976373991552
78 468 0.17375044072207121 0.17375044072207121 0.17375044072207121 0.17375044072207121 0.908982705708931 1.0833976373991552
79 474 -0.06330406053356392 -0.06330406053356392 -0.06330406053356392 -0.06330406053356392 0.9678305324107296 1.0311663592910525
80 480 -0.06330406053356392 -0.06330406053356392 -0.06330406053356392 -0.06330406053356392 0.9678305324107296 1.0311663592910525
81 486 0.2058068878749833 0.2058068878749833 0.2058068878749833 0.2058068878749833 0.8911751298847029 1.0980923858560279
82 492 0.2058068878749833 0.2058068878749833 0.2058068878749833 0.2058068878749833 0.8911751298847029 1.0980923858560279
83 498 0.07596238953186021 0.07596238953186021 0.07596238953186021 0.07596238953186021 0.9612687503857285 1.0372860692845827
84 504 0.07596238953186021 0.07596238953186021 0.07596238953186021 0.07596238953186021 0.9612687503857285 1.0372860692845827
85 510 -0.18978237624148003 -0.18978237624148003 -0.18978237624148003 -0.18978237624148003 0.9001208939684269 1.0907714592165858
86 516 -0.18978237624148003 -0.18978237624148003 -0.18978237624148003 -0.18978237624148003 0.9001208939684269 1.0907714592165858
87 522 -0.17515925312089675 -0.17515925312089675 -0.17515925312089675 -0.17515925312089675 0.9082074360404141 1.084047624932086
88 528 -0.17515925312089675 -0.17515925312089675 -0.17515925312089675 -0.17515925312089675 0.9082074360404141 1.084047624932086
89 534 -0.1684812545995089 -0.1684812545995089 -0.1684812545995089 -0.1684812545995089 0.9118764967913645 1.080963114356595
90 540 -0.1684812545995089 -0.1684812545995089 -0.1684812545995089 -0.1684812545995089 0.9118764967913645 1.080963114356595
91 546 -0.09055880484047288 -0.09055880484047288 -0.09055880484047288 -0.09055880484047288 0.9536462631183154 1.0442982355823804
92 552 -0.09055880484047288 -0.09055880484047288 -0.09055880484047288 -0.09055880484047288 0.9536462631183154 1.0442982355823804
93 558 0.16327494454308628 0.16327494454308628 0.16327494454308628 0.16327494454308628 0.9147267654643729 1.0785522446979963
94 564 0.16327494454308628 0.16327494454308628 0.16327494454308628 0.16327494454308628 0.9147267654643729 1.0785522446979963
94 564 0.16327494454308628 0.16327494454308628 0.16327494454308628 0.16327494454308628 0.9147267654643729 1.0785522446979963
