% # columns="iteration, evaluation, sigma, max axis length,  min axis length, all principal axes lengths  (sorted square roots of eigenvalues of C)", seed=505051, Sat Sep 26 19:50:59 2026
1 6 0.787866110617323 1.0000250003125026 1.0 1.0 1.0000250003125026
2 12 0.5802079937079613 0.9272010050434506 0.8476723001817189 0.8476723001817189 0.9272010050434506
3 18 0.5631240832443932 0.8664861045947364 0.695855481896105 0.695855481896105 0.8664861045947364
4 24 0.480454330469741 0.8016637307123257 0.6493494013988445 0.6493494013988445 0.8016637307123257
5 30 0.43246846823070373 0.780808962464849 0.5576323044137079 0.5576323044137079 0.780808962464849
6 36 0.4570062670446399 0.7608878190390194 0.47640351342140097 0.47640351342140097 0.7608878190390194
7 42 0.39901831912840097 0.8043133550450782 0.42026488396597866 0.42026488396597866 0.8043133550450782
8 48 0.35974171865454485 0.7292503407092477 0.3614495043439131 0.3614495043439131 0.7292503407092477
9 54 0.31032993592755964 0.714695956916022 0.32522021944264407 0.32522021944264407 0.714695956916022
10 60 0.2786200799763784 0.6959129862868678 0.2718753143350449 0.2718753143350449 0.6959129862868678
11 66 0.27161886471939756 0.7143706038555006 0.22897606798084127 0.22897606798084127 0.7143706038555006
12 72 0.2973981020073791 0.7059245222680846 0.2046649106958676 0.2046649106958676 0.7059245222680846
13 78 0.26076084580497355 0.6521858847055726 0.2040416937843298 0.2040416937843298 0.6521858847055726
14 84 0.23505077119858572 0.6493113111908926 0.16635943569687164 0.16635943569687164 0.6493113111908926
15 90 0.183133119398309 0.6245493735010548 0.15272697426809495 0.15272697426809495 0.6245493735010548
16 96 0.15916934195615165 0.5918559421401293 0.12722872917865802 0.12722872917865802 0.5918559421401293
17 102 0.12682100409894673 0.5258496504508184 0.11714208009385564 0.11714208009385564 0.5258496504508184
18 108 0.11490224091070037 0.4990400803536534 0.09748759478585979 0.09748759478585979 0.4990400803536534
19 114 0.1274501614638442 0.46699471787208263 0.0901742463662874 0.0901742463662874 0.46699471787208263
20 120 0.23236697191989014 0.5263085152784394 0.07298973338452149 0.07298973338452149 0.5263085152784394
21 126 0.3974712078650866 0.5859786632562068 0.07084530184817434 0.07084530184817434 0.5859786632562068
22 132 0.44899375546940873 0.6111114560783467 0.06482953530479359 0.06482953530479359 0.6111114560783467
23 138 0.4808411098537528 0.6074965470825598 0.05206929517581558 0.05206929517581558 0.6074965470825598
24 144 0.38127427637555583 0.5582354848094626 0.051568313060863895 0.051568313060863895 0.5582354848094626
25 150 0.4938934847574829 0.4890625249008282 0.04603889963669624 0.04603889963669624 0.4890625249008282
26 156 0.3704660136426451 0.41829303825062775 0.06067329456147786 0.06067329456147786 0.41829303825062775
27 162 0.33996008531163446 0.36379366439144617 0.057371999640123475 0.057371999640123475 0.36379366439144617
28 168 0.25319118327306606 0.280070553724928 0.06138261665793312 0.06138261665793312 0.280070553724928
29 174 0.2765643954870159 0.24566203035888393 0.054227033866650544 0.054227033866650544 0.24566203035888393
30 180 0.24079286589273458 0.2510183173259151 0.05473887315563628 0.05473887315563628 0.2510183173259151
31 186 0.2959852161457263 0.2117867259577916 0.05551693292524653 0.05551693292524653 0.2117867259577916
32 192 0.2795998058022093 0.1979397659214423 0.06712315073005298 0.06712315073005298 0.1979397659214423
33 198 0.2740046248619103 0.16395395281612363 0.06631741949626824 0.06631741949626824 0.16395395281612363
34 204 0.27773940013252807 0.1444204237568181 0.06576395472675974 0.06576395472675974 0.1444204237568181
35 210 0.2880145029648814 0.12183527508603584 0.06886418920870156 0.06886418920870156 0.12183527508603584
36 216 0.2391914996332648 0.11894410690690847 0.06488359191471298 0.06488359191471298 0.11894410690690847
37 222 0.22820823908164845 0.10438250651313644 0.06114534786495949 0.06114534786495949 0.10438250651313644
38 228 0.1670070172431453 0.0997464737562776 0.056882991693402045 0.056882991693402045 0.0997464737562776
39 234 0.13614689310009073 0.09202105446535162 0.04719096679366682 0.04719096679366682 0.09202105446535162
40 240 0.10690316708705304 0.08247227518033576 0.04130796991154995 0.04130796991154995 0.08247227518033576
41 246 0.09786403392861871 0.07856406378375891 0.0333793754290685 0.0333793754290685 0.07856406378375891
42 252 0.0952515228712752 0.07998853562882287 0.027139484774667176 0.027139484774667176 0.07998853562882287
43 258 0.08468253062623862 0.0847495877109637 0.02356448522716714 0.02356448522716714 0.0847495877109637
44 264 0.09882132587505892 0.08742176895227342 0.019412978818436906 0.019412978818436906 0.08742176895227342
45 270 0.08282879794253291 0.10180192697242954 0.016663455872295115 0.016663455872295115 0.10180192697242954
46 276 0.061935208491726484 0.08076105501270235 0.017179640466013196 0.017179640466013196 0.08076105501270235
47 282 0.05590317065666968 0.0726288213097456 0.014391461622574405 0.014391461622574405 0.0726288213097456
48 288 0.05250153322112301 0.07255868046851974 0.012114016107622921 0.012114016107622921 0.07255868046851974
49 294 0.05277923623597104 0.06905020986672862 0.010856842325634388 0.010856842325634388 0.06905020986672862
50 300 0.04625302317645755 0.056533314343323905 0.012349620662380227 0.012349620662380227 0.056533314343323905
51 306 0.036546082670075475 0.054064092248098675 0.01030633453437498 0.01030633453437498 0.054064092248098675
52 312 0.030973693633231766 0.053356247096933054 0.008218477046277997 0.008218477046277997 0.053356247096933054
53 318 0.02759062577812507 0.04250056562530786 0.008339468213934217 0.008339468213934217 0.04250056562530786
54 324 0.02352069351026438 0.042747894394797696 0.006891659123773498 0.006891659123773498 0.042747894394797696
55 330 0.01795197957828184 0.04015347702873237 0.006195915931363881 0.006195915931363881 0.04015347702873237
56 336 0.015236031875488491 0.03406693117182768 0.005699234468383911 0.005699234468383911 0.03406693117182768
57 342 0.011767189764395614 0.026693840227117877 0.005736563453716982 0.005736563453716982 0.026693840227117877
58 348 0.008771464352811724 0.02450991231817685 0.004770485730340607 0.004770485730340607 0.02450991231817685
59 354 0.007485890969457431 0.022358162734827523 0.00402305889779851 0.00402305889779851 0.022358162734827523
60 360 0.005661184110947568 0.02106037386225172 0.0034436359640166595 0.0034436359640166595 0.02106037386225172
61 366 0.004819986773639881 0.019346672839997577 0.0029803886920269232 0.0029803886920269232 0.019346672839997577
62 372 0.005068223860935051 0.01807740798131126 0.0025776342168175176 0.0025776342168175176 0.01807740798131126
63 378 0.004787875413730014 0.0160607224782327 0.00269955181272795 0.00269955181272795 0.0160607224782327
64 384 0.003630350322309158 0.016026056910677874 0.0025121426058072934 0.0025121426058072934 0.016026056910677874
65 390 0.003120084620612096 0.014509196941524196 0.0021061591264770765 0.0021061591264770765 0.014509196941524196
66 396 0.002560282551610352 0.013842875919734246 0.0018029036296310296 0.0018029036296310296 0.013842875919734246
67 402 0.0024631084440380293 0.01167253089408662 0.00173428387008942 0.00173428387008942 0.01167253089408662
68 408 0.001974582597423895 0.010477331673228321 0.0016853306766386872 0.0016853306766386872 0.010477331673228321
69 414 0.002066064988808992 0.010105195141836797 0.0013508311333614376 0.0013508311333614376 0.010105195141836797
70 420 0.0016074785384407795 0.00908768955308307 0.0013647428099015859 0.0013647428099015859 0.00908768955308307
71 426 0.0012616598389801183 0.007654659073825818 0.0012807360595572528 0.0012807360595572528 0.007654659073825818
72 432 0.001149292790912621 0.006950573538088085 0.0011151319417012258 0.0011151319417012258 0.006950573538088085
73 438 0.0010559451591304397 0.0057696647676231 0.0011296501360960754 0.0011296501360960754 0.0057696647676231
74 444 0.0009263464695039074 0.005122845015582034 0.0011079359364410985 0.0011079359364410985 0.005122845015582034
75 450 0.0007648474375179487 0.004721453114377607 0.0010073041237632604 0.0010073041237632604 0.004721453114377607
76 456 0.0006976684037967255 0.004474626022090201 0.0008374282284732407 0.0008374282284732407 0.004474626022090201
77 462 0.0005778384170669866 0.003943640555909273 0.000830064536296313 0.000830064536296313 0.003943640555909273
78 468 0.0004963068491139855 0.0037114533015685782 0.0007025702647006729 0.0007025702647006729 0.0037114533015685782
79 474 0.00040428061460881287 0.003353964769677927 0.0006384160124782138 0.0006384160124782138 0.003353964769677927
80 480 0.0003437759692356076 0.0030662373904194766 0.0005540934092996133 0.0005540934092996133 0.0030662373904194766
81 486 0.00025166576530918103 0.0027786541389114554 0.0005038961849661036 0.0005038961849661036 0.0027786541389114554
82 492 0.00026440075716189067 0.0024734144435542144 0.000426070402508282 0.000426070402508282 0.0024734144435542144
83 498 0.0002552566006698455 0.0023637730867186314 0.00043838015773727836 0.00043838015773727836 0.0023637730867186314
84 504 0.0002659164646012257 0.002256788882399356 0.0003971655185175331 0.0003971655185175331 0.002256788882399356
85 510 0.00021594160999305887 0.0023404830212653085 0.00034740895764760906 0.00034740895764760906 0.0023404830212653085
86 516 0.00019685496705919896 0.0020195707766612237 0.0003314944687701032 0.0003314944687701032 0.0020195707766612237
87 522 0.00018000879708260576 0.0018720144556466636 0.00030316864008135807 0.00030316864008135807 0.0018720144556466636
88 528 0.00014764501632930487 0.0017741260555334197 0.000281436952366529 0.000281436952366529 0.0017741260555334197
89 534 0.00011349216480026721 0.0016370943979168214 0.0002471639340330517 0.0002471639340330517 0.0016370943979168214
90 540 9.229910474551993e-05 0.0013986543803972558 0.00022512214092610278 0.00022512214092610278 0.0013986543803972558
91 546 6.929736045892867e-05 0.0012654175230767495 0.00019706786307774934 0.00019706786307774934 0.0012654175230767495
92 552 6.305862308160693e-05 0.0011693779413017814 0.0001640408105023037 0.0001640408105023037 0.0011693779413017814
93 558 5.266351488899205e-05 0.0011732670905705862 0.00013682895425988628 0.00013682895425988628 0.0011732670905705862
94 564 4.245971225309046e-05 0.001052282494338573 0.00012490671013373002 0.00012490671013373002 0.001052282494338573
94 564 4.245971225309046e-05 0.001052282494338573 0.00012490671013373002 0.00012490671013373002 0.001052282494338573
