% # columns="iteration, evaluation, sigma, axis ratio, bestever, best, median, worst objective function value, interquartile range, further/more values", seed=505051, Sat Sep 26 19:50:59 2026, <python>{}</python>
1 6 0.787866110617323 1.0000250003125026 1.9331444481210953 1.9331444481210953e+00 21.35447631629009 136.2331296100532 31.241901352367275   
2 12 0.5802079937079613 1.0938201057704526 1.483198353439547 1.4831983534395470e+00 54.14086536443794 108.0388888770216 80.02610543726958   
3 18 0.5631240832443932 1.2452098562674074 1.1555643508988749 1.1555643508988749e+00 2.7574083447597695 14.753460450338563 2.9068695570618646   
4 24 0.480454330469741 1.2345645179395899 0.6457676525912777 6.4576765259127766e-01 22.87356123099272 72.80013817038615 23.13822585040213   
5 30 0.43246846823070373 1.4002218958347257 0.6457676525912777 8.2013143236067299e-01 4.140292907816129 35.26559924131622 6.304164410370206   
6 36 0.4570062670446399 1.5971498899630887 0.37813715246825413 3.7813715246825413e-01 0.7552346175592863 4.14802001006235 2.424732760082745   
7 42 0.39901831912840097 1.9138247941509885 0.37813715246825413 4.2346541980625019e-01 2.9061694978881905 11.218973071497508 2.879122068630177   
8 48 0.35974171865454485 2.017571837684354 0.35771123504487357 3.5771123504487357e-01 0.9056881919224562 2.2284681155495045 0.4073743061708681   
9 54 0.31032993592755964 2.197575409489772 0.35771123504487357 4.4776710745718351e-01 3.4176930432566133 5.188904110614466 4.004696471924873   
10 60 0.2786200799763784 2.5596769901266616 0.25547026147464047 2.5547026147464047e-01 0.8518261939425354 1.9195552272719079 1.1490175783891823   
11 66 0.27161886471939756 3.119848332426046 0.1856211017782122 1.8562110177821220e-01 0.4184502794401008 1.1344155952211528 0.12895461318151635   
12 72 0.2973981020073791 3.4491722096763797 0.18140747935926718 1.8140747935926718e-01 0.30342827721309046 0.6355709608427579 0.16959466530786252   
13 78 0.26076084580497355 3.1963363595429035 0.17338270796677985 1.7338270796677985e-01 0.31351444060780403 0.8411573822651404 0.2073633998241569   
14 84 0.23505077119858572 3.903062717608766 0.17338270796677985 2.2392686175706850e-01 0.2706309692991427 1.703167458691983 0.15585712846255584   
15 90 0.183133119398309 4.089319365449675 0.17338270796677985 1.8123146335206050e-01 0.2758879235404179 0.33200235335318135 0.12452129632756229   
16 96 0.15916934195615165 4.651904848542731 0.1547602206651984 1.5476022066519840e-01 0.20553402720294794 0.5949724448112976 0.2197549464027658   
17 102 0.12682100409894673 4.488990207699072 0.1547602206651984 1.7104677281429131e-01 0.21103242490170387 0.24652939761740805 0.03458563852896113   
18 108 0.11490224091070037 5.119011105462592 0.15094641154372915 1.5094641154372915e-01 0.18991785673830938 0.2245009422059242 0.0340799504399735   
19 114 0.1274501614638442 5.178803668346194 0.13800055869247368 1.3800055869247368e-01 0.1760329562732349 0.18810065287571176 0.04418331526362845   
20 120 0.23236697191989014 7.210719794053263 0.10729052889783863 1.0729052889783863e-01 0.13137113337317124 0.16194793082889417 0.044207114924500426   
21 126 0.3974712078650866 8.271242382621132 0.07321015652509845 7.3210156525098449e-02 0.1339181743471342 0.1988067419866044 0.07069837704818799   
22 132 0.44899375546940873 9.42643585528154 0.07321015652509845 8.2559802086305784e-02 0.1342356409890496 0.17124261039996347 0.035991759652208605   
23 138 0.4808411098537528 11.667078362234513 0.04587395144488008 4.5873951444880080e-02 0.12999467660368152 0.18294740415498614 0.10429205354710672   
24 144 0.38127427637555583 10.825164750892684 0.04587395144488008 5.2253997753821092e-02 0.1293439487356863 0.3894219888314709 0.06958386824609576   
25 150 0.4938934847574829 10.622810900350254 0.04587395144488008 5.7217723770817734e-02 0.07077934720173336 1.158108472901567 1.0071362126353889   
26 156 0.3704660136426451 6.894186994028944 0.040765411763582164 4.0765411763582164e-02 0.37433809291961906 1.149297348834135 0.9951694724016661   
27 162 0.33996008531163446 6.340961909527461 0.040765411763582164 5.2972116746193079e-02 0.14833473956794002 0.9963098653240676 0.8383716395572188   
28 168 0.25319118327306606 4.56270144503088 0.040765411763582164 4.8093770074185770e-02 0.1464898676388228 0.21938684147491547 0.0927779586868218   
29 174 0.2765643954870159 4.530250187812048 0.040765411763582164 4.1001400112288360e-02 0.06564737373000978 0.11435730151685877 0.009852289719211135   
30 180 0.24079286589273458 4.585741409257866 0.040765411763582164 4.3839878121861291e-02 0.06200970991476071 0.13207110520629578 0.010945504462923077   
31 186 0.2959852161457263 3.8148131533664174 0.040765411763582164 4.2132399963507136e-02 0.05363774141780322 0.22859350661534283 0.07731126635571606   
32 192 0.2795998058022093 2.9489045697138128 0.040314037607341265 4.0314037607341265e-02 0.05406692924235105 0.23480736472674082 0.09079781988771227   
33 198 0.2740046248619103 2.472260743278009 0.040314037607341265 4.2769389990029286e-02 0.10183840361648709 0.16358739802076622 0.09151068933999179   
34 204 0.27773940013252807 2.1960422598802833 0.040314037607341265 4.7684409962889120e-02 0.06711894626111149 0.16557538589205129 0.07681345135192019   
35 210 0.2880145029648814 1.7692109133355038 0.040314037607341265 4.1551356690079956e-02 0.04529552400640216 0.05729302649808074 0.004501835638339877   
36 216 0.2391914996332648 1.8331923895837332 0.040314037607341265 4.0695971492182646e-02 0.04794877817873453 0.10523256448368365 0.023563820673143367   
37 222 0.22820823908164845 1.7071209856172038 0.04012864623508913 4.0128646235089133e-02 0.04230436266765538 0.05953313303964841 0.009587125087771445   
38 228 0.1670070172431453 1.753537758595903 0.04012864623508913 4.0182311583249225e-02 0.04509554295805232 0.05704546683508836 0.008103062882548515   
39 234 0.13614689310009073 1.9499718000628279 0.040010608702831144 4.0010608702831144e-02 0.04071326468111936 0.04946235692808383 0.0007688571848733922   
40 240 0.10690316708705304 1.996522108371054 0.040010608702831144 4.0032394001825886e-02 0.04198691920028277 0.04608239275219918 0.002358479065307298   
41 246 0.09786403392861871 2.353670875319651 0.040010608702831144 4.0143660079242999e-02 0.04057233138080568 0.042114815408709885 0.0006854435001424908   
42 252 0.0952515228712752 2.947312238715991 0.040010608702831144 4.0039477856454411e-02 0.04030518605735729 0.04056726446944416 0.0004586786190162659   
43 258 0.08468253062623862 3.596496460413113 0.040010608702831144 4.0025676067594641e-02 0.0404788216662384 0.0405089659417357 0.00032401176807797527   
44 264 0.09882132587505892 4.50326401578552 0.040010608702831144 4.0058049180705303e-02 0.04010380020592766 0.04048069739395524 0.0002687287319558737   
45 270 0.08282879794253291 6.109292559275581 0.040010608702831144 4.0061878224066823e-02 0.040300990378307415 0.04305502319531619 0.0002659435896066181   
46 276 0.061935208491726484 4.7009746899228455 0.040006306065566426 4.0006306065566426e-02 0.04004412463405536 0.040131859581016484 2.135497639291911e-05   
47 282 0.05590317065666968 5.046660527921656 0.040006306065566426 4.0007686995336460e-02 0.04005867656262541 0.04017420935769543 2.5281605825683284e-05   
48 288 0.05250153322112301 5.989647019113763 0.040006306065566426 4.0023287683772606e-02 0.040046826057060496 0.04019347134611985 4.2483393049137785e-05   
49 294 0.05277923623597104 6.360063800843112 0.04000112446950324 4.0001124469503241e-02 0.040033536748452114 0.04007174133463259 3.5271258580743536e-05   
50 300 0.04625302317645755 4.577736911024103 0.04000044010764068 4.0000440107640679e-02 0.04002072245725603 0.04003282752887447 2.641235377921769e-05   
51 306 0.036546082670075475 5.24571486281348 0.04000044010764068 4.0001829922031502e-02 0.040005110905152436 0.04004360552197159 1.3102853824879801e-05   
52 312 0.030973693633231766 6.492230470011126 0.04000044010764068 4.0000462488776770e-02 0.04000485275015457 0.04003176750115117 1.2985262013952281e-05   
53 318 0.02759062577812507 5.096316040187633 0.04000040046095771 4.0000400460957708e-02 0.0400029890597135 0.04001833089486623 3.8363104548355675e-06   
54 324 0.02352069351026438 6.202845153402084 0.04000032566692243 4.0000325666922430e-02 0.040005284090882415 0.040006173820566635 5.378777264704315e-06   
55 330 0.01795197957828184 6.480636192217275 0.04000017095707509 4.0000170957075087e-02 0.04000096313629219 0.040004788761287324 2.2139648714197824e-06   
56 336 0.015236031875488491 5.977457386744045 0.04000000901136537 4.0000009011365370e-02 0.0400004451639593 0.040002789525491675 4.1955671856164223e-07   
57 342 0.011767189764395614 4.65328073898001 0.04000000901136537 4.0000009406817236e-02 0.04000008390241779 0.040000358721643876 1.274834473749542e-07   
58 348 0.008771464352811724 5.1378232120666825 0.04000000901136537 4.0000011159753227e-02 0.04000010257372094 0.040000490681691904 1.6896094889862212e-07   
59 354 0.007485890969457431 5.557503209078622 0.04000000901136537 4.0000013625975342e-02 0.040000026944384176 0.04000010148659945 3.7233846922335445e-08   
60 360 0.005661184110947568 6.115737575724144 0.040000001482467705 4.0000001482467705e-02 0.04000005107753836 0.04000010223326594 5.816063058938781e-08   
61 366 0.004819986773639881 6.491325407237456 0.04000000072017021 4.0000000720170209e-02 0.040000001815936284 0.040000086142208145 1.2669737516068924e-08   
62 372 0.005068223860935051 7.013178155134276 0.04000000072017021 4.0000006360838079e-02 0.04000001285957419 0.04000003774503573 5.572082177607296e-09   
63 378 0.004787875413730014 5.949403305581686 0.04000000072017021 4.0000002261629114e-02 0.04000000517406505 0.040000036551415784 8.208708469903403e-09   
64 384 0.003630350322309158 6.379437566016598 0.04000000072017021 4.0000000853956837e-02 0.04000000384003864 0.04000003661077867 9.276203909169833e-09   
65 390 0.003120084620612096 6.888936718562853 0.04000000072017021 4.0000001564339527e-02 0.04000000417120536 0.040000007706822535 2.2282921827154745e-09   
66 396 0.002560282551610352 7.678100865861166 0.04000000072017021 4.0000000889421031e-02 0.04000000430018632 0.04000000728604551 2.613955489561004e-09   
67 402 0.0024631084440380293 6.730461544040527 0.04000000019236472 4.0000000192364722e-02 0.040000001916155346 0.04000000334848777 1.6113113690541248e-09   
68 408 0.001974582597423895 6.21678096676248 0.04000000019236472 4.0000000228772932e-02 0.04000000133210481 0.040000001684190156 1.3759479181030265e-09   
69 414 0.002066064988808992 7.4807241943638125 0.04000000001470743 4.0000000014707431e-02 0.04000000102280752 0.04000000174189341 7.779400457152974e-10   
70 420 0.0016074785384407795 6.65890267906112 0.04000000001470743 4.0000000223625994e-02 0.04000000034570035 0.040000003554187764 3.889469302187365e-10   
71 426 0.0012616598389801183 5.976765483180051 0.04000000001470743 4.0000000033931997e-02 0.040000000685171754 0.040000002709485526 1.176206659847523e-09   
72 432 0.001149292790912621 6.232960673231557 0.040000000000992554 4.0000000000992554e-02 0.04000000017136458 0.04000000047710477 1.2446790126352525e-10   
73 438 0.0010559451591304397 5.107479371942817 0.040000000000992554 4.0000000040461621e-02 0.04000000015404238 0.0400000003583212 1.5277405035485359e-10   
74 444 0.0009263464695039074 4.6237736741689135 0.040000000000992554 4.0000000013972865e-02 0.0400000000502061 0.04000000009010809 5.570535699384038e-11   
75 450 0.0007648474375179487 4.687217100569775 0.040000000000992554 4.0000000008315252e-02 0.04000000002725525 0.040000000081648036 2.3641123780837603e-11   
76 456 0.0006976684037967255 5.343294947494337 0.040000000000992554 4.0000000001939005e-02 0.0400000000208804 0.040000000065419615 2.0205052908561782e-11   
77 462 0.0005778384170669866 4.7510047513962075 0.040000000000992554 4.0000000001696276e-02 0.04000000000957733 0.040000000025404166 1.1345181738509069e-11   
78 468 0.0004963068491139855 5.28267916825348 0.04000000000038975 4.0000000000389752e-02 0.04000000000513952 0.040000000009780066 8.196297807128161e-12   
79 474 0.00040428061460881287 5.253572441985675 0.04000000000002369 4.0000000000023690e-02 0.04000000000429342 0.04000000000546126 4.050516866360709e-12   
80 480 0.0003437759692356076 5.53379148525746 0.04000000000002369 4.0000000000479430e-02 0.04000000000314457 0.04000000000558096 2.5676127890505995e-12   
81 486 0.00025166576530918103 5.514338512204397 0.04000000000002369 4.0000000000248385e-02 0.04000000000136681 0.04000000000761689 5.968968375125172e-12   
82 492 0.00026440075716189067 5.80517780393379 0.04000000000000732 4.0000000000007321e-02 0.04000000000088461 0.040000000001008416 7.87522824730047e-13   
83 498 0.0002552566006698455 5.392062220423861 0.04000000000000732 4.0000000000074171e-02 0.04000000000153043 0.04000000000342551 1.2855619346829883e-12   
84 504 0.0002659164646012257 5.682237699846364 0.04000000000000732 4.0000000000449461e-02 0.040000000000764833 0.04000000000141279 5.301592498341279e-13   
85 510 0.00021594160999305887 6.73696797317286 0.040000000000006926 4.0000000000006926e-02 0.04000000000029276 0.04000000000190238 1.5921222673576096e-12   
86 516 0.00019685496705919896 6.092321190619409 0.040000000000006926 4.0000000000027743e-02 0.040000000000218555 0.040000000001175755 3.3812536104349533e-13   
87 522 0.00018000879708260576 6.174828818522561 0.040000000000006926 4.0000000000028124e-02 0.04000000000027845 0.04000000000060121 2.9155150516047e-13   
88 528 0.00014764501632930487 6.303813485099459 0.04000000000000312 4.0000000000003123e-02 0.04000000000012202 0.040000000000287986 1.3954809530147827e-13   
89 534 0.00011349216480026721 6.623516510697321 0.04000000000000312 4.0000000000004116e-02 0.040000000000061604 0.040000000000205455 1.550426453889031e-13   
90 540 9.229910474551993e-05 6.212869043637825 0.040000000000001104 4.0000000000001104e-02 0.04000000000001377 0.04000000000004088 1.3711254354120683e-14   
91 546 6.929736045892867e-05 6.421227202212586 0.040000000000000716 4.0000000000000716e-02 0.04000000000001062 0.04000000000004144 1.745131816832668e-14   
92 552 6.305862308160693e-05 7.128579392658873 0.040000000000000716 4.0000000000001902e-02 0.04000000000001173 0.04000000000003335 1.4863110742169283e-14   
93 558 5.266351488899205e-05 8.57469895108706 0.04000000000000045 4.0000000000000452e-02 0.04000000000000545 0.04000000000003991 2.67841304690819e-15   
94 564 4.245971225309046e-05 8.424547353876811 0.04000000000000028 4.0000000000000278e-02 0.04000000000000129 0.04000000000000614 5.280498260873401e-15   
