% # columns="iteration, evaluation, sigma, beta, void,  sigvec==sigma_vec.scaling factors from diagonal decoding", seed=505051, Sat Sep 26 19:50:59 2026, <python>{}</python>
1 6 0.787866110617323 1 0 0.6 0.5999850001874985
2 12 0.5802079937079613 1 0 0.6 0.5999850001874985
3 18 0.5631240832443932 1 0 0.6 0.5999850001874985
4 24 0.480454330469741 1 0 0.6 0.5999850001874985
5 30 0.43246846823070373 1 0 0.6 0.5999850001874985
6 36 0.4570062670446399 1 0 0.6 0.5999850001874985
7 42 0.39901831912840097 1 0 0.6 0.5999850001874985
8 48 0.35974171865454485 1 0 0.6 0.5999850001874985
9 54 0.31032993592755964 1 0 0.6 0.5999850001874985
10 60 0.2786200799763784 1 0 0.6 0.5999850001874985
11 66 0.27161886471939756 1 0 0.6 0.5999850001874985
12 72 0.2973981020073791 1 0 0.6 0.5999850001874985
13 78 0.26076084580497355 1 0 0.6 0.5999850001874985
14 84 0.23505077119858572 1 0 0.6 0.5999850001874985
15 90 0.183133119398309 1 0 0.6 0.5999850001874985
16 96 0.15916934195615165 1 0 0.6 0.5999850001874985
17 102 0.12682100409894673 1 0 0.6 0.5999850001874985
18 108 0.11490224091070037 1 0 0.6 0.5999850001874985
19 114 0.1274501614638442 1 0 0.6 0.5999850001874985
20 120 0.23236697191989014 1 0 0.6 0.5999850001874985
21 126 0.3974712078650866 1 0 0.6 0.5999850001874985
22 132 0.44899375546940873 1 0 0.6 0.5999850001874985
23 138 0.4808411098537528 1 0 0.6 0.5999850001874985
24 144 0.38127427637555583 1 0 0.6 0.5999850001874985
25 150 0.4938934847574829 1 0 0.6 0.5999850001874985
26 156 0.3704660136426451 1 0 0.6 0.5999850001874985
27 162 0.33996008531163446 1 0 0.6 0.5999850001874985
28 168 0.25319118327306606 1 0 0.6 0.5999850001874985
29 174 0.2765643954870159 1 0 0.6 0.5999850001874985
30 180 0.24079286589273458 1 0 0.6 0.5999850001874985
31 186 0.2959852161457263 1 0 0.6 0.5999850001874985
32 192 0.2795998058022093 1 0 0.6 0.5999850001874985
33 198 0.2740046248619103 1 0 0.6 0.5999850001874985
34 204 0.27773940013252807 1 0 0.6 0.5999850001874985
35 210 0.2880145029648814 1 0 0.6 0.5999850001874985
36 216 0.2391914996332648 1 0 0.6 0.5999850001874985
37 222 0.22820823908164845 1 0 0.6 0.5999850001874985
38 228 0.1670070172431453 1 0 0.6 0.5999850001874985
39 234 0.13614689310009073 1 0 0.6 0.5999850001874985
40 240 0.10690316708705304 1 0 0.6 0.5999850001874985
41 246 0.09786403392861871 1 0 0.6 0.5999850001874985
42 252 0.0952515228712752 1 0 0.6 0.5999850001874985
43 258 0.08468253062623862 1 0 0.6 0.5999850001874985
44 264 0.09882132587505892 1 0 0.6 0.5999850001874985
45 270 0.08282879794253291 1 0 0.6 0.5999850001874985
46 276 0.061935208491726484 1 0 0.6 0.5999850001874985
47 282 0.05590317065666968 1 0 0.6 0.5999850001874985
48 288 0.05250153322112301 1 0 0.6 0.5999850001874985
49 294 0.05277923623597104 1 0 0.6 0.5999850001874985
50 300 0.04625302317645755 1 0 0.6 0.5999850001874985
51 306 0.036546082670075475 1 0 0.6 0.5999850001874985
52 312 0.030973693633231766 1 0 0.6 0.5999850001874985
53 318 0.02759062577812507 1 0 0.6 0.5999850001874985
54 324 0.02352069351026438 1 0 0.6 0.5999850001874985
55 330 0.01795197957828184 1 0 0.6 0.5999850001874985
56 336 0.015236031875488491 1 0 0.6 0.5999850001874985
57 342 0.011767189764395614 1 0 0.6 0.5999850001874985
58 348 0.008771464352811724 1 0 0.6 0.5999850001874985
59 354 0.007485890969457431 1 0 0.6 0.5999850001874985
60 360 0.005661184110947568 1 0 0.6 0.5999850001874985
61 366 0.004819986773639881 1 0 0.6 0.5999850001874985
62 372 0.005068223860935051 1 0 0.6 0.5999850001874985
63 378 0.004787875413730014 1 0 0.6 0.5999850001874985
64 384 0.003630350322309158 1 0 0.6 0.5999850001874985
65 390 0.003120084620612096 1 0 0.6 0.5999850001874985
66 396 0.002560282551610352 1 0 0.6 0.5999850001874985
67 402 0.0024631084440380293 1 0 0.6 0.5999850001874985
68 408 0.001974582597423895 1 0 0.6 0.5999850001874985
69 414 0.002066064988808992 1 0 0.6 0.5999850001874985
70 420 0.0016074785384407795 1 0 0.6 0.5999850001874985
71 426 0.0012616598389801183 1 0 0.6 0.5999850001874985
72 432 0.001149292790912621 1 0 0.6 0.5999850001874985
73 438 0.0010559451591304397 1 0 0.6 0.5999850001874985
74 444 0.0009263464695039074 1 0 0.6 0.5999850001874985
75 450 0.0007648474375179487 1 0 0.6 0.5999850001874985
76 456 0.0006976684037967255 1 0 0.6 0.5999850001874985
77 462 0.0005778384170669866 1 0 0.6 0.5999850001874985
78 468 0.0004963068491139855 1 0 0.6 0.5999850001874985
79 474 0.00040428061460881287 1 0 0.6 0.5999850001874985
80 480 0.0003437759692356076 1 0 0.6 0.5999850001874985
81 486 0.00025166576530918103 1 0 0.6 0.5999850001874985
82 492 0.00026440075716189067 1 0 0.6 0.5999850001874985
83 498 0.0002552566006698455 1 0 0.6 0.5999850001874985
84 504 0.0002659164646012257 1 0 0.6 0.5999850001874985
85 510 0.00021594160999305887 1 0 0.6 0.5999850001874985
86 516 0.00019685496705919896 1 0 0.6 0.5999850001874985
87 522 0.00018000879708260576 1 0 0.6 0.5999850001874985
88 528 0.00014764501632930487 1 0 0.6 0.5999850001874985
89 534 0.00011349216480026721 1 0 0.6 0.5999850001874985
90 540 9.229910474551993e-05 1 0 0.6 0.5999850001874985
91 546 6.929736045892867e-05 1 0 0.6 0.5999850001874985
92 552 6.305862308160693e-05 1 0 0.6 0.5999850001874985
93 558 5.266351488899205e-05 1 0 0.6 0.5999850001874985
94 564 4.245971225309046e-05 1 0 0.6 0.5999850001874985
94 564 4.245971225309046e-05 1 0 0.6 0.5999850001874985
