% # columns="iteration, evaluation, sigma, void, void,  stds==sigma*sigma_vec.scaling*sqrt(diag(C))", seed=505051, Sat Sep 26 19:50:59 2026, <python>{}</python>
1 6 0.787866110617323 0 0 0.41389832789219255 0.4258649861178611
2 12 0.5802079937079613 0 0 0.2556613012773319 0.2903539060778208
3 18 0.5631240832443932 0 0 0.26864467751811966 0.2221021392339206
4 24 0.480454330469741 0 0 0.22504176456318167 0.16080777427077042
5 30 0.43246846823070373 0 0 0.19717241214558348 0.1240345826166704
6 36 0.4570062670446399 0 0 0.21381783952016584 0.12728469284150892
7 42 0.39901831912840097 0 0 0.1606812507728425 0.1102319858736402
8 48 0.35974171865454485 0 0 0.142459495798158 0.09181373744638466
9 54 0.31032993592755964 0 0 0.11715610572582888 0.07501443345402356
10 60 0.2786200799763784 0 0 0.10508472783024003 0.06843979801932254
11 66 0.27161886471939756 0 0 0.09442102379134483 0.07370466512286811
12 72 0.2973981020073791 0 0 0.08977276596652152 0.08251869427743967
13 78 0.26076084580497355 0 0 0.07682161467558557 0.07138601548995195
14 84 0.23505077119858572 0 0 0.06612778332531946 0.06204056144933243
15 90 0.183133119398309 0 0 0.048630815034179736 0.045383653709638976
16 96 0.15916934195615165 0 0 0.03634714648893661 0.03641387232643017
17 102 0.12682100409894673 0 0 0.026516524937438758 0.02817499869962812
18 108 0.11490224091070037 0 0 0.02242558049962458 0.023921668526554172
19 114 0.1274501614638442 0 0 0.02622558439894827 0.031034401199596096
20 120 0.23236697191989014 0 0 0.05218280152879906 0.06362982178058314
21 126 0.3974712078650866 0 0 0.09095928791847292 0.11491210062686436
22 132 0.44899375546940873 0 0 0.1023761602613027 0.12844754185898613
23 138 0.4808411098537528 0 0 0.10369223305947856 0.12412388882775151
24 144 0.38127427637555583 0 0 0.07260179043872463 0.08577126835552835
25 150 0.4938934847574829 0 0 0.08016393333214157 0.09623654266817008
26 156 0.3704660136426451 0 0 0.050191004636239045 0.0646703629980316
27 162 0.33996008531163446 0 0 0.0368430779941849 0.04541829961777846
28 168 0.25319118327306606 0 0 0.025251393229319984 0.028687051956498788
29 174 0.2765643954870159 0 0 0.030443874835038107 0.029843888809476346
30 180 0.24079286589273458 0 0 0.022382453245932275 0.02235117115347631
31 186 0.2959852161457263 0 0 0.02812144014126983 0.024226854582421777
32 192 0.2795998058022093 0 0 0.02242900229655203 0.019422020547963426
33 198 0.2740046248619103 0 0 0.019864060930022645 0.01691256833956155
34 204 0.27773940013252807 0 0 0.018196555483080308 0.01458708467738643
35 210 0.2880145029648814 0 0 0.01895928473804109 0.013738476150893622
36 216 0.2391914996332648 0 0 0.014652974070179998 0.009311556448926
37 222 0.22820823908164845 0 0 0.013623479800382665 0.00784834597867373
38 228 0.1670070172431453 0 0 0.00916447013133931 0.004837063336722784
39 234 0.13614689310009073 0 0 0.006640354226124131 0.0035607158462226092
40 240 0.10690316708705304 0 0 0.005006445661947619 0.0022165811455300472
41 246 0.09786403392861871 0 0 0.004693515858416061 0.0016031957461278864
42 252 0.0952515228712752 0 0 0.004840921563775631 0.0013559955978025536
43 258 0.08468253062623862 0 0 0.004441666036948421 0.0009872033788831643
44 264 0.09882132587505892 0 0 0.006026137648607784 0.0010471648491610936
45 270 0.08282879794253291 0 0 0.004007458214317921 0.0008821591682869754
46 276 0.061935208491726484 0 0 0.002698407393524736 0.0005376145039453311
47 282 0.05590317065666968 0 0 0.0024289340079510875 0.0004342131293643946
48 288 0.05250153322112301 0 0 0.0021705499978661325 0.0003700358945768376
49 294 0.05277923623597104 0 0 0.0017846062967168165 0.0004161580454671126
50 300 0.04625302317645755 0 0 0.0014963945597162955 0.0003061630278036037
51 306 0.036546082670075475 0 0 0.001167190091599411 0.00019745393438322438
52 312 0.030973693633231766 0 0 0.0007889344523930752 0.0001595226542959856
53 318 0.02759062577812507 0 0 0.0007067215644447781 0.0001197877357032818
54 324 0.02352069351026438 0 0 0.0005656446390271086 9.379667503945826e-05
55 330 0.01795197957828184 0 0 0.0003656278117227493 6.877805680881012e-05
56 336 0.015236031875488491 0 0 0.00024333190245309696 5.556708777922008e-05
57 342 0.011767189764395614 0 0 0.00017289937844240666 3.443343253555693e-05
58 348 0.008771464352811724 0 0 0.00011757820652787459 2.1667032953080187e-05
59 354 0.007485890969457431 0 0 9.458951737524505e-05 1.5490533946752337e-05
60 360 0.005661184110947568 0 0 6.571172028445066e-05 1.0144829462902707e-05
61 366 0.004819986773639881 0 0 5.227185360001941e-05 7.509274608207139e-06
62 372 0.005068223860935051 0 0 4.8775582683426824e-05 8.581135836469907e-06
63 378 0.004787875413730014 0 0 4.586522822858669e-05 8.246076496146245e-06
64 384 0.003630350322309158 0 0 3.156317700455806e-05 4.860986582842387e-06
65 390 0.003120084620612096 0 0 2.587287052014426e-05 3.6810510099079014e-06
66 396 0.002560282551610352 0 0 1.78890289524535e-05 2.932609736632175e-06
67 402 0.0024631084440380293 0 0 1.5382653500210363e-05 3.055136300353278e-06
68 408 0.001974582597423895 0 0 1.1888471340499978e-05 2.134731630413062e-06
69 414 0.002066064988808992 0 0 1.123979142859299e-05 1.8545958852189269e-06
70 420 0.0016074785384407795 0 0 7.361684738375952e-06 1.355503502452013e-06
71 426 0.0012616598389801183 0 0 5.253398276225494e-06 8.934901842458842e-07
72 432 0.001149292790912621 0 0 3.976939619153763e-06 7.874959129702225e-07
73 438 0.0010559451591304397 0 0 3.2455178094051445e-06 7.026192089756234e-07
74 444 0.0009263464695039074 0 0 2.6235627358798387e-06 5.629294043280694e-07
75 450 0.0007648474375179487 0 0 2.0531520534267506e-06 3.8584860705621504e-07
76 456 0.0006976684037967255 0 0 1.6505011430802061e-06 3.489309981356204e-07
77 462 0.0005778384170669866 0 0 1.2860267211717636e-06 2.4748263766682576e-07
78 468 0.0004963068491139855 0 0 9.986356989667178e-07 1.9074369342015786e-07
79 474 0.00040428061460881287 0 0 7.437216817433394e-07 1.346814365245444e-07
80 480 0.0003437759692356076 0 0 5.731370161403726e-07 1.0395421815334252e-07
81 486 0.00025166576530918103 0 0 3.7323121852594545e-07 6.578672765136838e-08
82 492 0.00026440075716189067 0 0 3.7480939028545086e-07 7.051016045320008e-08
83 498 0.0002552566006698455 0 0 3.456040904000789e-07 6.100786581298798e-08
84 504 0.0002659164646012257 0 0 3.733243161563878e-07 5.609366435792372e-08
85 510 0.00021594160999305887 0 0 2.615300907091025e-07 4.376665992031489e-08
86 516 0.00019685496705919896 0 0 2.2076287478894676e-07 3.7883851829049285e-08
87 522 0.00018000879708260576 0 0 1.915366147166624e-07 3.0885843980845845e-08
88 528 0.00014764501632930487 0 0 1.4491153956249924e-07 2.2635602812002027e-08
89 534 0.00011349216480026721 0 0 9.520474956590986e-08 1.5557740084493227e-08
90 540 9.229910474551993e-05 0 0 7.006982224161401e-08 1.096653252585228e-08
91 546 6.929736045892867e-05 0 0 4.861684685966971e-08 6.8490949715635045e-09
92 552 6.305862308160693e-05 0 0 4.439062851077454e-08 5.177982408540572e-09
93 558 5.266351488899205e-05 0 0 3.3243626270837974e-08 4.001183568946598e-09
94 564 4.245971225309046e-05 0 0 2.4203844139675825e-08 2.8188409162618092e-09
94 564 4.245971225309046e-05 0 0 2.4203844139675825e-08 2.8188409162618092e-09
