% # columns="iteration, evaluation, void, void, void, xmean", seed=505051, Sat Sep 26 19:50:59 2026, <python>{}</python> # scaling_of_variables: 1, typical_x: 0
1 6 0 0 0 0.19565563269817463 -0.04928480549109874
2 12 0 0 0 0.18257933360283182 0.015547111787882066
3 18 0 0 0 -0.051389117375644146 0.01627301223105736
4 24 0 0 0 0.1893403887203423 0.0564429049231587
5 30 0 0 0 0.2933076822792422 0.021476904913595135
6 36 0 0 0 0.3837684979607007 0.13619192041162714
7 42 0 0 0 0.3661231551573344 0.15942235890753267
8 48 0 0 0 0.3996218132691978 0.20740987112172427
9 54 0 0 0 0.45893597662046814 0.21839139102833613
10 60 0 0 0 0.5087852845282426 0.24566461256718278
11 66 0 0 0 0.5280369867599258 0.28697295928033584
12 72 0 0 0 0.5796764682038574 0.3459653898478092
13 78 0 0 0 0.6046270932918778 0.34548553017798833
14 84 0 0 0 0.5754601613223901 0.3461424709646731
15 90 0 0 0 0.587298136540024 0.33965891106568546
16 96 0 0 0 0.6116566878816825 0.3667848695361959
17 102 0 0 0 0.6016468228567987 0.3506537428472827
18 108 0 0 0 0.6104747964853875 0.36776326320263736
19 114 0 0 0 0.6280993648475816 0.3903375202706164
20 120 0 0 0 0.6708784154516474 0.44953859034375115
21 126 0 0 0 0.7337341844268868 0.5321756245347699
22 132 0 0 0 0.7680522024010148 0.5666566390624709
23 138 0 0 0 0.815187220522999 0.6111371718571473
24 144 0 0 0 0.7951453140808811 0.5987051828807756
25 150 0 0 0 0.7957194200505003 0.624542061832324
26 156 0 0 0 0.8029676417560203 0.6081640141444671
27 162 0 0 0 0.7939362260194897 0.6137154752982891
28 168 0 0 0 0.7972379135753899 0.6078463001250995
29 174 0 0 0 0.8190884915551676 0.621062620237365
30 180 0 0 0 0.8216613587997714 0.6323016479111557
31 186 0 0 0 0.8423824206798026 0.6371622802413096
32 192 0 0 0 0.8472454248993742 0.6397465504598859
33 198 0 0 0 0.8568096183704855 0.6403912091583924
34 204 0 0 0 0.857828998845715 0.6317137567512167
35 210 0 0 0 0.8708217233295481 0.6344471513603155
36 216 0 0 0 0.8571669365147746 0.6368739099449136
37 222 0 0 0 0.8491041995551882 0.6385393641613177
38 228 0 0 0 0.853118818398288 0.6384377185969433
39 234 0 0 0 0.8525600663799473 0.6401116215456174
40 240 0 0 0 0.8548810038095171 0.6397889790883783
41 246 0 0 0 0.8576864411940741 0.6395869989271178
42 252 0 0 0 0.8526633894048193 0.6402979433134525
43 258 0 0 0 0.8512850266218378 0.6397995690666477
44 264 0 0 0 0.8465392714872615 0.6402930832872133
45 270 0 0 0 0.847916530052263 0.6397247196891184
46 276 0 0 0 0.8477355673097793 0.6398387843194419
47 282 0 0 0 0.8497770708584088 0.6397028860971445
48 288 0 0 0 0.8507619640577551 0.6395049922256757
49 294 0 0 0 0.8496733695775299 0.639965100652229
50 300 0 0 0 0.8501797133859109 0.6399956225015972
51 306 0 0 0 0.8496501567725595 0.6399005556320612
52 312 0 0 0 0.8498244788850784 0.6400007677154965
53 318 0 0 0 0.8503091370025395 0.6399740110496195
54 324 0 0 0 0.8497511031086761 0.639973147200373
55 330 0 0 0 0.8500181330292608 0.6399654359634684
56 336 0 0 0 0.8500540316352665 0.6399922526747747
57 342 0 0 0 0.8499890084240858 0.6399976085924308
58 348 0 0 0 0.8499960093732852 0.640000336845916
59 354 0 0 0 0.8500619747062156 0.639994986843688
60 360 0 0 0 0.8500285871782037 0.6399987054712573
61 366 0 0 0 0.8500002312295019 0.6400006804170187
62 372 0 0 0 0.8499722117535334 0.640006498900681
63 378 0 0 0 0.8500095810756996 0.6399961036804358
64 384 0 0 0 0.8499928912671588 0.6399984551116058
65 390 0 0 0 0.8500082558332379 0.63999619826316
66 396 0 0 0 0.8499924150228921 0.639997332106331
67 402 0 0 0 0.8499869447196449 0.639999731339887
68 408 0 0 0 0.8499932046858395 0.6399991120950587
69 414 0 0 0 0.8500004737180581 0.6399993936301396
70 420 0 0 0 0.8500002795465199 0.6399989427390727
71 426 0 0 0 0.8499989748274053 0.6399993983831916
72 432 0 0 0 0.850001256857648 0.6399996582149686
73 438 0 0 0 0.8500010798658825 0.6400000410328284
74 444 0 0 0 0.8499991659101838 0.6400000450599467
75 450 0 0 0 0.849999883322707 0.6400002077638751
76 456 0 0 0 0.8500010886586549 0.6400000024683579
77 462 0 0 0 0.8499999264927476 0.640000093326426
78 468 0 0 0 0.8499997338669473 0.6399999751295813
79 474 0 0 0 0.8500002665540469 0.6399999687912623
80 480 0 0 0 0.8499998131466024 0.6399999337905454
81 486 0 0 0 0.8499998443562081 0.6399999433904918
82 492 0 0 0 0.8499999479775127 0.640000010483301
83 498 0 0 0 0.8499999319499676 0.6400000399018906
84 504 0 0 0 0.850000157049131 0.6400000653632825
85 510 0 0 0 0.8500000073473482 0.6400000200740675
86 516 0 0 0 0.8499999216134791 0.6399999979717476
87 522 0 0 0 0.8500000885762166 0.6400000010757112
88 528 0 0 0 0.8499999577223517 0.6399999990700381
89 534 0 0 0 0.8500000228342498 0.6400000017856845
90 540 0 0 0 0.8499999781803026 0.6399999973499059
91 546 0 0 0 0.8499999933908495 0.6399999965083957
92 552 0 0 0 0.850000027025249 0.6399999977195775
93 558 0 0 0 0.8500000080411445 0.6400000000599266
94 564 0 0 0 0.8499999967486175 0.6399999992957515
94 564 0 0 0 0.8499999967486175 0.6399999992957515
