% # columns="iter, evals, sigma, 0, fitness, xbest" seed=505051, Sat Sep 26 19:50:59 2026, <python>{}</python>
1 6 0.787866110617323 0 1.9331444481210953 0.046274522632341886 -0.09902942331861439
2 12 0.5802079937079613 0 1.483198353439547 0.12230162230618266 0.09938777098504417
3 18 0.5631240832443932 0 1.1555643508988749 -0.07472833794954428 0.007872010019790291
4 24 0.480454330469741 0 0.6457676525912777 0.20743571807858638 0.05629966063627634
5 30 0.43246846823070373 0 0.820131432360673 0.2741005464433605 0.02098303335401632
6 36 0.4570062670446399 0 0.37813715246825413 0.44624266124107925 0.17239490581806582
7 42 0.39901831912840097 0 0.4234654198062502 0.34970107797715166 0.11988931979282014
8 48 0.35974171865454485 0 0.35771123504487357 0.5136476093484235 0.2986437196703922
9 54 0.31032993592755964 0 0.4477671074571835 0.519409460791257 0.22322441811764748
10 60 0.2786200799763784 0 0.25547026147464047 0.5847325706422046 0.31309842835721513
11 66 0.27161886471939756 0 0.1856211017782122 0.5741918523744706 0.3362602175147419
12 72 0.2973981020073791 0 0.18140747935926718 0.5846631096671724 0.3512663886731171
13 78 0.26076084580497355 0 0.17338270796677985 0.6122510000993335 0.35967452164285785
14 84 0.23505077119858572 0 0.2239268617570685 0.6058319510704259 0.3932160140569246
15 90 0.183133119398309 0 0.1812314633520605 0.575388199973144 0.3341314542441771
16 96 0.15916934195615165 0 0.1547602206651984 0.6160566601015274 0.37095391694143376
17 102 0.12682100409894673 0 0.17104677281429131 0.6135490705645211 0.3617107099044488
18 108 0.11490224091070037 0 0.15094641154372915 0.6151266514294854 0.3730714497835271
19 114 0.1274501614638442 0 0.13800055869247368 0.6303377761306254 0.3936509345595207
20 120 0.23236697191989014 0 0.10729052889783863 0.6727102306116363 0.4538502971066249
21 126 0.3974712078650866 0 0.07321015652509845 0.7307790830118611 0.5313357462379745
22 132 0.44899375546940873 0 0.08255980208630578 0.7641443130256996 0.5675055905689697
23 138 0.4808411098537528 0 0.04587395144488008 0.7950034229231875 0.6258253197116684
24 144 0.38127427637555583 0 0.05225399775382109 0.7942392086522049 0.6208577608420637
25 150 0.4938934847574829 0 0.057217723770817734 0.7919723670876782 0.6390279513127494
26 156 0.3704660136426451 0 0.040765411763582164 0.7982208974320637 0.637867976739652
27 162 0.33996008531163446 0 0.05297211674619308 0.7860596593151856 0.6094035359596311
28 168 0.25319118327306606 0 0.04809377007418577 0.790576937325042 0.6185036291659674
29 174 0.2765643954870159 0 0.04100140011228836 0.7994896267103914 0.6363605615269151
30 180 0.24079286589273458 0 0.04383987812186129 0.7906206379775346 0.6250408832313253
31 186 0.2959852161457263 0 0.042132399963507136 0.7999666613970715 0.6353433307566442
32 192 0.2795998058022093 0 0.040314037607341265 0.7997816296884335 0.6411561178970919
33 198 0.2740046248619103 0 0.042769389990029286 0.7988816043852127 0.6430292662528001
34 204 0.27773940013252807 0 0.04768440996288912 0.7995868046338743 0.6306678638289295
35 210 0.2880145029648814 0 0.041551356690079956 0.7974267991533901 0.6336191366255667
36 216 0.2391914996332648 0 0.040695971492182646 0.7999997429292446 0.63736165642121
37 222 0.22820823908164845 0 0.04012864623508913 0.7996786866412777 0.6394727167918297
38 228 0.1670070172431453 0 0.040182311583249225 0.7999771533052598 0.6386474960264604
39 234 0.13614689310009073 0 0.040010608702831144 0.799973480960436 0.6399556112961857
40 240 0.10690316708705304 0 0.040032394001825886 0.7999209316493048 0.6397862954145737
41 246 0.09786403392861871 0 0.040143660079243 0.7996751193362076 0.6391114839817892
42 252 0.0952515228712752 0 0.04003947785645441 0.7999257216954024 0.640193586498794
43 258 0.08468253062623862 0 0.04002567606759464 0.7999734309481287 0.6403454044006915
44 264 0.09882132587505892 0 0.0400580491807053 0.7999405438515255 0.6404902213401782
45 270 0.08282879794253291 0 0.04006187822406682 0.7998700923354595 0.6401067799691529
46 276 0.061935208491726484 0 0.040006306065566426 0.7999850447974002 0.6399191719110613
47 282 0.05590317065666968 0 0.04000768699533646 0.7999991069322675 0.6397278356598369
48 288 0.05250153322112301 0 0.040023287683772606 0.7999970039396326 0.6395252142842724
49 294 0.05277923623597104 0 0.04000112446950324 0.7999988564647591 0.6399164969649747
50 300 0.04625302317645755 0 0.04000044010764068 0.7999990505544724 0.6400230427544761
51 306 0.036546082670075475 0 0.0400018299220315 0.7999957925136502 0.6399549392268004
52 312 0.030973693633231766 0 0.04000046248877677 0.7999998253488592 0.6400623806164506
53 318 0.02759062577812507 0 0.04000040046095771 0.7999990269468875 0.6400090444205498
54 324 0.02352069351026438 0 0.04000032566692243 0.7999993361307457 0.6399744186783306
55 330 0.01795197957828184 0 0.04000017095707509 0.7999997719106733 0.6399714000978806
56 336 0.015236031875488491 0 0.04000000901136537 0.7999999904835833 0.6400071992027404
57 342 0.011767189764395614 0 0.040000009406817236 0.7999999778574111 0.6400023093131523
58 348 0.008771464352811724 0 0.040000011159753227 0.799999997342708 0.6400100440498877
59 354 0.007485890969457431 0 0.04000001362597534 0.79999997620075 0.6399935538990521
60 360 0.005661184110947568 0 0.040000001482467705 0.7999999983035511 0.6400028325777777
61 366 0.004819986773639881 0 0.04000000072017021 0.7999999996334023 0.6400023942644352
62 372 0.005068223860935051 0 0.04000000636083808 0.7999999967507997 0.640007108982854
63 378 0.004787875413730014 0 0.040000002261629114 0.7999999992695018 0.6399955610053368
64 384 0.003630350322309158 0 0.04000000085395684 0.7999999978670611 0.6399999081972774
65 390 0.003120084620612096 0 0.04000000156433953 0.7999999988559291 0.6399966714426223
66 396 0.002560282551610352 0 0.04000000088942103 0.7999999988118556 0.6399979629988175
67 402 0.0024631084440380293 0 0.04000000019236472 0.7999999996359103 0.6400006830023949
68 408 0.001974582597423895 0 0.04000000022877293 0.7999999999428999 0.6399985648723657
69 414 0.002066064988808992 0 0.04000000001470743 0.7999999999761296 0.640000227101864
70 420 0.0016074785384407795 0 0.040000000223625994 0.7999999999422882 0.6399985837816965
71 426 0.0012616598389801183 0 0.040000000033932 0.7999999999151777 0.6400000054010732
72 432 0.001149292790912621 0 0.040000000000992554 0.7999999999996141 0.6399999084457306
73 438 0.0010559451591304397 0 0.04000000004046162 0.79999999990959 0.6400002071625674
74 444 0.0009263464695039074 0 0.040000000013972865 0.7999999999661744 0.639999933414614
75 450 0.0007648474375179487 0 0.04000000000831525 0.7999999999927454 0.6400002326558366
76 456 0.0006976684037967255 0 0.040000000001939005 0.7999999999956094 0.6400000427464443
77 462 0.0005778384170669866 0 0.040000000001696276 0.7999999999975832 0.6400000854102409
78 468 0.0004963068491139855 0 0.04000000000038975 0.7999999999990509 0.6400000100570036
79 474 0.00040428061460881287 0 0.04000000000002369 0.7999999999999855 0.6399999866263967
80 480 0.0003437759692356076 0 0.04000000000047943 0.7999999999999985 0.6399999308028752
81 486 0.00025166576530918103 0 0.040000000000248385 0.7999999999997607 0.6399999609286936
82 492 0.00026440075716189067 0 0.04000000000000732 0.8 0.6400000085691645
83 498 0.0002552566006698455 0 0.04000000000007417 0.7999999999999692 0.6400000248671613
84 504 0.0002659164646012257 0 0.04000000000044946 0.7999999999997043 0.6400000575474137
85 510 0.00021594160999305887 0 0.040000000000006926 0.7999999999999958 0.6400000072479106
86 516 0.00019685496705919896 0 0.04000000000002774 0.7999999999999372 0.6400000051209724
87 522 0.00018000879708260576 0 0.040000000000028124 0.8 0.6400000167766678
88 528 0.00014764501632930487 0 0.04000000000000312 0.7999999999999974 0.6400000045577419
89 534 0.00011349216480026721 0 0.040000000000004116 0.7999999999999897 0.6400000001080598
90 540 9.229910474551993e-05 0 0.040000000000001104 0.799999999999999 0.6399999973141967
91 546 6.929736045892867e-05 0 0.040000000000000716 0.7999999999999987 0.6399999985821524
92 552 6.305862308160693e-05 0 0.0400000000000019 0.7999999999999975 0.6399999970073671
93 558 5.266351488899205e-05 0 0.04000000000000045 0.8 0.6400000021659525
94 564 4.245971225309046e-05 0 0.04000000000000028 0.7999999999999995 0.639999999129548
94 564 4.245971225309046e-05 0 0.04000000000000028 0.7999999999999995 0.639999999129548
