% # columns="iter, evals, sigma, 0, fitness, xbest" seed=845388, Mon Sep  7 02:26:07 2026, <python>{}</python>
1 6 1.0082375156713725 0 0.30044418131678946 0.5137993255170283 0.2386810358620553
2 12 1.2610352489941186 0 2.0342718920592935 0.21127606217030448 0.1634730254679167
3 18 1.06508134098972 0 0.274233868500957 0.5545653285449389 0.28000694106586127
4 24 1.0056618322910404 0 0.28285895299283553 0.5330974088752765 0.2587250395534444
5 30 0.9035814683478006 0 0.11782863067531388 0.7136449069330281 0.49036039995094743
6 36 0.7324431618276601 0 0.06188819427877268 0.7607442455264812 0.5719164727517645
7 42 0.6590632167195944 0 0.0479873799545649 0.7835740043878281 0.6173752077716692
8 48 0.5983022973048506 0 0.769713055827259 0.6308460809572067 0.31837793191426067
9 54 0.4764274631101022 0 0.2637526661734322 0.602990748681099 0.3961764127212154
10 60 0.3976588840363335 0 0.05893447718818246 0.7824062959096637 0.6013951067216522
11 66 0.33938748846509464 0 0.06174121031642543 0.7997044689306905 0.6248225069093098
12 72 0.3194877281473228 0 0.04011165692868473 0.7997228450390456 0.6396413713950428
13 78 0.3013783496956004 0 0.047794791079763844 0.796236272110268 0.6260706265112197
14 84 0.24858853753664456 0 0.2114071917302448 0.7391842581411916 0.584259228167067
15 90 0.21855648059996458 0 0.06151742075801056 0.7522366553946676 0.5647165442998251
16 96 0.17755174838634008 0 0.08940181163489828 0.7342410385773477 0.5528117223396655
17 102 0.13719852538070504 0 0.0609977400587058 0.7633250550939386 0.5756063080231667
18 108 0.12521743001446337 0 0.05764715325895445 0.7763289553993518 0.5939582925839964
19 114 0.13613834513562106 0 0.052956697959575645 0.7701126417001416 0.5941151164159812
20 120 0.17454366146228278 0 0.05277220238159894 0.7841158268058805 0.6226901620160701
21 126 0.13845587897429984 0 0.05162187327682994 0.7739425416141823 0.5967069288094474
22 132 0.15456043053496707 0 0.045466172224251866 0.7890201229066366 0.6194646097858151
23 138 0.21875463939214732 0 0.04383234924481222 0.7960873188258899 0.6290095290192396
24 144 0.2218421214707779 0 0.04373812566003355 0.7964592564565105 0.6391528558861216
25 150 0.2975542172771596 0 0.040904290897841825 0.7999744570329677 0.6369690264579108
26 156 0.2432443404753639 0 0.0426786411761286 0.7987931937832138 0.6333860575933565
27 162 0.19493279016167323 0 0.04008778443905519 0.7997962112100905 0.6399235269208312
28 168 0.18965879840632302 0 0.0426566248094429 0.7960467264658948 0.6369456741519854
29 174 0.18654368878590194 0 0.04003927416048157 0.799958644392453 0.6394570706678185
30 180 0.16311587919514775 0 0.0412737522520747 0.7969830653421549 0.6359427724653868
31 186 0.13732789579113944 0 0.042280060665456184 0.7951596983500415 0.634069229336485
32 192 0.1155286843105579 0 0.04096541557817592 0.7979230415742256 0.6355396092016572
33 198 0.11000293764596966 0 0.04093003348783741 0.7996079116389151 0.6421531799753422
34 204 0.10277402542361674 0 0.04068451574815961 0.7993329083729273 0.6368904675404098
35 210 0.08284251873633962 0 0.04060044300184343 0.7995093809955199 0.6372053878840412
36 216 0.07337154734717395 0 0.04043649922168921 0.799260461354426 0.6376334909890016
37 222 0.05821206050010117 0 0.04028219188322687 0.7993351273592576 0.6393341476707067
38 228 0.0639588870221525 0 0.04011320484245857 0.7997378682892229 0.6392928482276246
39 234 0.05933733711056867 0 0.040183154014598536 0.7999183209362652 0.6410960056126095
40 240 0.05988159153554791 0 0.040055899871352725 0.7999698007699237 0.640613643376337
41 246 0.05123047846620975 0 0.040097704321468294 0.7999344104660803 0.6407404260926128
42 252 0.04500569624998976 0 0.040045449678567505 0.7998951544269431 0.6400193531518161
43 258 0.040727202392395065 0 0.04003965158045318 0.799938854120898 0.6402919072947554
44 264 0.05048760842779379 0 0.040035794170560676 0.7999994312863226 0.6405954681664069
45 270 0.041685953810854035 0 0.040018599579258594 0.7999542563740116 0.6399815878679302
46 276 0.03967395444281943 0 0.04001422742485366 0.7999654057769627 0.6400069833267655
47 282 0.031789258841199035 0 0.040006917122981586 0.799987902503749 0.6401247960906542
48 288 0.03527992617063068 0 0.04000208747134068 0.7999959574997149 0.6399249423020201
49 294 0.03267207799380316 0 0.04000539721430506 0.7999999961767322 0.6402322800209276
50 300 0.028989628510981243 0 0.04000020417773475 0.7999996302078164 0.6400231276759213
51 306 0.026493243228083 0 0.04000182946123305 0.7999977399998829 0.640092584632704
52 312 0.023300007309089682 0 0.04000085327770502 0.7999999605795055 0.6400914524726476
53 318 0.017420787314771174 0 0.04000008553780642 0.7999998869258083 0.6400198959627728
54 324 0.015557616241489573 0 0.04000065958675175 0.7999997455477549 0.6400742792734242
55 330 0.012436680275924828 0 0.04000019664847801 0.7999997754403458 0.6400323247321882
56 336 0.012617604683873126 0 0.040000007013696194 0.7999999946836165 0.6400069823040123
57 342 0.012723245327143678 0 0.040000044082595484 0.7999999269455399 0.6399876926222684
58 348 0.010339788582375756 0 0.04000000335586192 0.7999999916146169 0.6400001172971299
59 354 0.00838975944840838 0 0.040000021049846124 0.7999999999051236 0.6400144953287225
60 360 0.006704197086226408 0 0.040000006193350306 0.799999989690049 0.6400045325367424
61 366 0.004952914961905379 0 0.040000007619931194 0.7999999810252766 0.63999942153944
62 372 0.004655584133607726 0 0.04000000721706885 0.7999999999068687 0.6399915264713152
63 378 0.0040859126234685265 0 0.04000000055799064 0.7999999997482192 0.6399978611904196
64 384 0.0032537772756163364 0 0.04000000056439797 0.7999999986805982 0.63999939260176
65 390 0.00261541915874086 0 0.04000000021270815 0.7999999999110191 0.6400013307062109
66 396 0.0020759672879008587 0 0.040000000429950666 0.7999999999842512 0.6399979416960434
67 402 0.0015400391810168259 0 0.04000000000750576 0.7999999999898918 0.6400001860611704
68 408 0.0012156835405754734 0 0.040000000011961905 0.7999999999727996 0.6400001039630827
69 414 0.001020477064720938 0 0.04000000001122415 0.7999999999784584 0.6400001614432249
70 420 0.0008560069237090896 0 0.040000000000110385 0.7999999999998522 0.6399999773614324
71 426 0.0006264315928317498 0 0.040000000004665186 0.7999999999964205 0.6400001798100511
72 432 0.000542800451602906 0 0.04000000001029259 0.7999999999757706 0.6400000774753545
73 438 0.0005339720818385925 0 0.040000000001341615 0.7999999999969608 0.6399999645072517
74 444 0.0004361224845417685 0 0.040000000000743045 0.7999999999997627 0.6399999194942493
75 450 0.0004414458566548403 0 0.04000000000340647 0.7999999999974322 0.6400001542473617
76 456 0.0003785078415735076 0 0.04000000000033075 0.7999999999993183 0.6400000240927776
77 462 0.00033321095252229586 0 0.040000000000774964 0.799999999999883 0.6399999146668598
78 468 0.0002951780190896353 0 0.0400000000013147 0.7999999999971156 0.639999959880111
79 474 0.00027299633857828445 0 0.0400000000018254 0.7999999999989788 0.6399998809647669
80 480 0.0002398396253228752 0 0.0400000000001763 0.7999999999995914 0.639999988665478
81 486 0.0002052437626349194 0 0.04000000000031878 0.799999999999468 0.6399999674423215
82 492 0.00015890465814009802 0 0.040000000000238074 0.7999999999997491 0.6399999628872624
83 498 0.0001462359700573283 0 0.04000000000007905 0.799999999999933 0.6399999771437372
84 504 0.00012149470623201349 0 0.04000000000003234 0.7999999999999234 0.6399999958495785
85 510 0.00013124499799046705 0 0.04000000000004108 0.7999999999999942 0.6400000196822472
86 516 0.00011611410303156876 0 0.04000000000000019 0.7999999999999999 0.6399999987257424
87 522 9.557034417583819e-05 0 0.04000000000000607 0.799999999999989 0.6399999958870335
88 528 7.998198620484406e-05 0 0.04000000000000019 0.7999999999999999 0.6399999987270805
89 534 7.058506291864705e-05 0 0.04000000000000302 0.7999999999999925 0.6400000003923146
90 540 5.428220563875786e-05 0 0.04000000000000658 0.7999999999999862 0.6399999967616434
91 546 4.124071405041189e-05 0 0.04000000000000069 0.7999999999999987 0.6400000013173944
92 552 4.3524831381176555e-05 0 0.04000000000000153 0.7999999999999997 0.6400000037561582
92 552 4.3524831381176555e-05 0 0.04000000000000153 0.7999999999999997 0.6400000037561582
