% # columns="iteration, evaluation, sigma, axis ratio, bestever, best, median, worst objective function value, interquartile range, further/more values", seed=124399, Tue Aug 18 11:51:04 2026, <python>{}</python>
1 6 0.9008645991634194 1.0000250003125026 2.29415189005726 2.2941518900572602e+00 60.05890502293017 96.87755828196808 66.79561792038069   
2 12 0.7257033017414689 1.1178685930847023 2.29415189005726 1.1362454667980851e+01 43.81449086133431 96.75797067103129 19.7921029078454   
3 18 0.6769286902578174 1.0399621774084313 1.1459432779305434 1.1459432779305434e+00 11.515529291519075 47.87859273593651 16.972951989720702   
4 24 0.6249343592107797 1.123795215512325 1.1459432779305434 1.8598452005855699e+00 9.68178382905326 15.140695924766488 6.91550283111554   
5 30 0.7143285285712876 1.0629350169974165 0.4044104347397831 4.0441043473978311e-01 6.020295618086283 21.715717803347722 5.695242335047932   
6 36 0.776236415187524 1.3452111389464496 0.4044104347397831 4.2220427451857825e+00 6.454203065777976 46.41121343598474 8.531720297182972   
7 42 0.6515684936237475 1.883254195617187 0.4044104347397831 3.8071874570618913e+00 40.45081037886431 136.49019845749916 32.185069168877085   
8 48 0.6770692167698673 1.9703834744769047 0.4044104347397831 1.5816695695823479e+00 5.045344732932741 17.44143824676168 8.55963520531193   
9 54 0.6509962928039763 2.212615720935936 0.4044104347397831 3.5563902800653349e+00 87.24170931922293 159.6256381153086 108.96092436959054   
10 60 0.7029891791650541 2.266770470431923 0.4044104347397831 1.5946823861911039e+00 5.185882488991291 10.587189727735915 3.883630026667403   
11 66 1.0772779358623321 3.4506436541252903 0.4044104347397831 6.8765945646801785e-01 1.323357743634468 16.202066384707294 5.417015483732229   
12 72 0.8266156984471087 3.227933162448351 0.4044104347397831 2.3179235429737823e+00 21.297010411935883 41.543237023269455 29.480750912602666   
13 78 0.6774503255495044 3.056779219251905 0.4044104347397831 8.4276844207357704e-01 7.7809665249397115 23.55787131480598 10.897090923265258   
14 84 0.5728927753394519 3.1651595798730274 0.4044104347397831 5.9088160875606477e-01 12.125504508075467 19.75298837747348 15.478750700843463   
15 90 0.4141350314781315 3.0434680233593134 0.4044104347397831 6.3659390498291779e-01 1.285104189641427 1.8528812630047675 0.4422278605502137   
16 96 0.47841926453130545 3.5484527045969068 0.25342943026514386 2.5342943026514386e-01 0.8149574992371099 3.810125955580169 0.7601135841748143   
17 102 0.5314285113465933 5.206479155803302 0.25342943026514386 3.3728516768965278e-01 1.0178864214783403 8.83423377775578 0.27454705002330615   
18 108 0.4280756538270445 5.246353511927713 0.25342943026514386 5.7807609421044326e-01 2.039416736234684 4.01722107738955 1.8494326930901626   
19 114 0.33455720814144124 6.3506075765692565 0.25342943026514386 2.7728328131146407e-01 0.6146704831131085 0.9824478030694637 0.21844975274129141   
20 120 0.26088518586736464 5.386808002319603 0.24191786080620423 2.4191786080620423e-01 0.6696649679542102 3.05765301733026 0.5469223522806941   
21 126 0.1861709133799469 4.253991406678406 0.24191786080620423 2.6280020691559608e-01 0.4061847072838206 0.7368860258593315 0.27520164797665425   
22 132 0.15740233351293242 4.372101731369774 0.24191786080620423 2.7257095947123411e-01 0.4248610212718634 0.47772934412505885 0.17983866227766132   
23 138 0.14709951149994 4.99931775756822 0.23952869110809172 2.3952869110809172e-01 0.3569089813253556 0.3953494757671664 0.11011540329880859   
24 144 0.13150985096376264 5.3780398051730955 0.23720814407537438 2.3720814407537438e-01 0.25806115446297656 0.31129928278824004 0.030257276915705317   
25 150 0.12684547100025423 7.069994615758983 0.23061395586453823 2.3061395586453823e-01 0.26559761508948987 0.4078299830897269 0.06334251371889096   
26 156 0.20382323461989751 5.957664113655636 0.19949938628931194 1.9949938628931194e-01 0.226437852857966 0.2669974284670585 0.042413848037586854   
27 162 0.3357100422633217 6.836307852887133 0.16760165477765893 1.6760165477765893e-01 0.2125741091321213 0.3091663866853154 0.020704944926624724   
28 168 0.4325463773929931 6.736898794361057 0.1564938330421488 1.5649383304214881e-01 0.30105818308875454 0.3576400062491372 0.12739486539917133   
29 174 0.43229094293950426 6.211268809751068 0.1564278294157862 1.5642782941578620e-01 0.20233286546152823 0.5327732125254928 0.17409370246775144   
30 180 0.4070764162007244 6.250861558454826 0.1564278294157862 2.7495632779286544e-01 0.6004211091798286 0.8537069717581648 0.4498081221741894   
31 186 0.45497006167466 5.22185062254281 0.10287781841319138 1.0287781841319138e-01 0.15937264833248566 1.1597919761208166 0.17833527628655263   
32 192 0.4749797806851023 6.966799096522965 0.09984072603090988 9.9840726030909877e-02 0.1558204928887694 0.30858384701983077 0.18605389811599887   
33 198 0.4377227679379111 8.082850217446317 0.09984072603090988 1.2695636031065405e-01 0.16421116794490503 0.4540859586112187 0.15173147584482494   
34 204 0.4150169027296768 9.615769304131007 0.07735833035446028 7.7358330354460283e-02 0.10415280757562408 0.13110374031960265 0.037084577669480145   
35 210 0.42376697048033773 8.489917807509038 0.06171030171130393 6.1710301711303928e-02 0.11123705973203954 0.17458397849196322 0.023701477458675513   
36 216 0.31917166908099126 6.666251679870177 0.06171030171130393 6.3063806894353147e-02 0.12035238581882625 0.15405467317044624 0.02426708221702388   
37 222 0.49115788941593536 7.1485125978493524 0.04285960981982165 4.2859609819821648e-02 0.06954515463256959 0.08403847726017184 0.02366836036513878   
38 228 0.49703233204997355 9.465890352737516 0.04285960981982165 4.3157478229925196e-02 0.0846549125986694 0.2848893066743348 0.15960814341142168   
39 234 0.4205826953151134 9.12661190407288 0.04285960981982165 5.0188928176335072e-02 0.16305668368794382 1.3750221047333164 0.7549744020379557   
40 240 0.3373525538611255 7.0658556185995876 0.04285960981982165 4.9604393886208298e-02 0.07360980711287725 0.17064289182594392 0.03868057608488482   
41 246 0.26345729693238257 5.5673480614062605 0.04285960981982165 4.6453248244555365e-02 0.05745311072596604 0.05849090046533255 0.010486891934502945   
42 252 0.20902800094733107 4.564225297435027 0.04285960981982165 4.7991412868934158e-02 0.051722073021521375 0.05332271790314602 0.004404798640323955   
43 258 0.16931920088041982 3.688527281290819 0.04285960981982165 4.7473541918757904e-02 0.04884212113631687 0.05228951316942679 0.00301925885299989   
44 264 0.13293253858809834 3.242137700707206 0.04285960981982165 4.6930668583603521e-02 0.048754995824429874 0.04944847436578794 0.0023856330729559033   
45 270 0.1534528849347314 4.054100111785152 0.04285960981982165 4.5645311192197641e-02 0.046697207725678404 0.04952332032262867 0.0024159393383063194   
46 276 0.15395183761445508 4.828232907277024 0.04285960981982165 4.5367190897409315e-02 0.04597258624970071 0.047315808035951146 0.0015652267600384379   
47 282 0.18326462731268756 5.62540897854765 0.04285960981982165 4.4629309051696667e-02 0.04657940189621733 0.048702401608825455 0.0010336454454299149   
48 288 0.2099184193708517 7.300038039856287 0.04285960981982165 4.4048646607179109e-02 0.04445686557466619 0.0487948587418072 0.0007601132035606611   
49 294 0.18476539459304786 7.07313730953034 0.04285960981982165 4.3595265046674048e-02 0.045501174338302086 0.0471289099657168 0.0016178104423624218   
50 300 0.181780108867679 8.177947247684322 0.04285960981982165 4.3214394682754426e-02 0.04451863028786469 0.04639753315699324 0.0009207931194334246   
51 306 0.2055017972662155 9.387865785444715 0.04285960981982165 4.3242287969868572e-02 0.04462345876889086 0.04565672677744641 0.00110699899979394   
52 312 0.24964482361631735 8.328152670606313 0.042259739006094324 4.2259739006094324e-02 0.04317158486502673 0.044614721005562734 0.0011004471225423765   
53 318 0.30164599075724996 7.320618404517444 0.04161409499859554 4.1614094998595537e-02 0.04298749811346971 0.04335508186578747 0.001289747885887163   
54 324 0.38913428165001834 6.441164865102766 0.041135078303137736 4.1135078303137736e-02 0.043504882326018006 0.04712413404154278 0.0006803181585292306   
55 330 0.4283684939164226 4.913458000677545 0.04058953053847429 4.0589530538474292e-02 0.04368843000759021 0.04864062007342799 0.004055662398156731   
56 336 0.30308293746490833 5.89043998937733 0.04058953053847429 4.1013885404399715e-02 0.04804846465892188 0.09857189048842474 0.011756908560569629   
57 342 0.23973645081649617 4.666012263103606 0.04058953053847429 4.0834032454807746e-02 0.04301632578262811 0.04381237047057884 0.0011202351077045508   
58 348 0.2035509861932359 5.396137260840639 0.04058953053847429 4.0889882865300806e-02 0.041262522184936895 0.04245949288301571 0.00018602408528207298   
59 354 0.18580675257881837 5.119967671401569 0.04055452220979499 4.0554522209794990e-02 0.04150819999675215 0.0417641694795598 0.00047878319131923475   
60 360 0.1387199932463205 4.957285516828188 0.04055452220979499 4.0721944727938476e-02 0.041159032029010396 0.04158186147484748 0.0002142275012181269   
61 366 0.12314829403039512 5.57575523012079 0.04055452220979499 4.0655958501649110e-02 0.04088964391503057 0.041261277809272426 0.0001948805590418351   
62 372 0.14502106504630355 4.843835972673727 0.04055452220979499 4.0568917742780194e-02 0.04069975832455712 0.04071726497215547 0.00010801827031323152   
63 378 0.3492322326707287 4.5050623882375405 0.04017404288039347 4.0174042880393467e-02 0.040442852442725545 0.04055284905452973 0.00020676801657056043   
64 384 0.45276697100070773 6.094293173992474 0.04017404288039347 4.0253395444292114e-02 0.04111279273172709 0.04190120617103231 0.0014952737291695078   
65 390 0.49973486987534016 6.621647913474354 0.040075249385169986 4.0075249385169986e-02 0.04101527001034141 0.04126142453146184 0.001094790517191746   
66 396 0.45971122361295763 7.341697583564272 0.040075249385169986 4.0150673034143478e-02 0.0407908256920253 0.04134874870014157 0.000547064194283825   
67 402 0.39098220374820586 6.902396078818258 0.04006001474836648 4.0060014748366478e-02 0.04155263505066515 0.04253494114261602 0.0015656962938740554   
68 408 0.29832760018477616 5.953313743146071 0.040056637746622534 4.0056637746622534e-02 0.040447879784812894 0.042868082077775205 0.00014538469479807165   
69 414 0.24988669609278186 5.976152182919151 0.04004313441259159 4.0043134412591587e-02 0.04010481212925684 0.04019246260818742 8.514077091155425e-05   
70 420 0.24297573941385225 5.910350881735887 0.040038236619377984 4.0038236619377984e-02 0.040060616650424145 0.04036871563368264 4.328384803661128e-05   
71 426 0.21802226747207398 6.6772947660461925 0.04000920488809984 4.0009204888099843e-02 0.04015928494076027 0.04033234581352031 0.0002618087524018514   
72 432 0.21487481417633075 6.589415199499507 0.040000697948626374 4.0000697948626374e-02 0.04004921726297759 0.04006788521286783 3.4337986021516775e-05   
73 438 0.18913939524398837 6.026562737144047 0.040000239288820134 4.0000239288820134e-02 0.040013405658040214 0.04016613548680623 8.667690012481577e-05   
74 444 0.15438111625216674 5.288315096049186 0.040000239288820134 4.0001085706901071e-02 0.04001202777495252 0.04001734163663569 1.3495939441630911e-05   
75 450 0.12462484250072128 5.330896507253144 0.040000239288820134 4.0002624677886990e-02 0.04000906258626777 0.040034619263112275 2.0244893145206222e-05   
76 456 0.09022369281652416 5.782704872952379 0.040000239288820134 4.0001009821407064e-02 0.04000221729101592 0.04000474007535335 1.4373786994675841e-06   
77 462 0.06677368876517806 5.369813394238599 0.04000005614677287 4.0000056146772871e-02 0.04000134515678987 0.04000260363985896 2.1784105644906404e-06   
78 468 0.05563432523182885 6.436071258249957 0.04000005614677287 4.0000098952277185e-02 0.040000669040459694 0.04000122262892125 8.577228974501749e-07   
79 474 0.04727277925613141 6.75961656047466 0.040000055646291624 4.0000055646291624e-02 0.04000021880898011 0.04000065181842553 4.0696945933366147e-07   
80 480 0.03413042818145149 6.61716547317123 0.040000018347701165 4.0000018347701165e-02 0.040000464079555625 0.04000080324887736 4.770020417890763e-07   
81 486 0.033534179496616835 8.27235315445647 0.04000001311489537 4.0000013114895372e-02 0.040000077336602366 0.04000029169473677 5.7528699672071415e-08   
82 492 0.031306677350580805 9.252654550573023 0.04000001311489537 4.0000016536937112e-02 0.04000007183213954 0.04000010843242457 8.24486986114592e-08   
83 498 0.025840558955805462 11.138491970845084 0.04000000100237469 4.0000001002374691e-02 0.040000046942202265 0.04000005723700355 3.8225043089146205e-08   
84 504 0.021157971559248385 11.009726612103645 0.040000000958232404 4.0000000958232404e-02 0.040000047760126625 0.040000099410546656 6.689437094531403e-08   
85 510 0.0160959812657175 11.916428341557902 0.040000000958232404 4.0000001481416109e-02 0.04000001524148069 0.04000006588535468 3.94059315247941e-08   
86 516 0.01299476294766264 10.969574116115776 0.040000000958232404 4.0000002698184170e-02 0.040000010639656636 0.040000023248190526 9.949509618967234e-09   
87 522 0.01229385494830363 8.895089333088245 0.04000000008606556 4.0000000086065558e-02 0.040000007675569715 0.04000000993958637 6.285758483159931e-09   
88 528 0.010896308063516547 10.124878019146488 0.04000000008606556 4.0000000193297976e-02 0.04000000109162951 0.040000002121229714 1.3347121186058075e-09   
89 534 0.008461649540653976 9.472562698260656 0.04000000008606556 4.0000000147179381e-02 0.04000000246894871 0.0400000039272531 2.9543867838266458e-09   
90 540 0.007334317903544306 8.724557457335306 0.04000000008606556 4.0000000089848296e-02 0.04000000100197229 0.04000000167356338 8.867694009651039e-10   
91 546 0.005466318146932129 8.745250537886273 0.04000000002044725 4.0000000020447249e-02 0.040000000544458625 0.04000000185238028 5.631210081569193e-10   
92 552 0.004627476939874845 9.156919549258156 0.04000000002044725 4.0000000038839884e-02 0.0400000005820746 0.04000000132767745 5.637235678257468e-10   
93 558 0.004588890356550192 8.425108509723128 0.04000000000539409 4.0000000005394089e-02 0.04000000004640306 0.04000000018078098 1.2197150928150435e-10   
94 564 0.003527050516543743 8.597136983743443 0.0400000000006793 4.0000000000679298e-02 0.040000000071116114 0.040000000422339935 2.9591248895677325e-10   
95 570 0.002930637973997723 7.330673638895105 0.0400000000006793 4.0000000002745527e-02 0.04000000006621112 0.04000000012623028 6.746383313105397e-11   
96 576 0.002753381526957598 9.135643599619685 0.0400000000006793 4.0000000006014502e-02 0.0400000000256116 0.04000000019382764 3.496346268061501e-11   
97 582 0.0024060923748857573 12.067129507692512 0.0400000000006793 4.0000000003479051e-02 0.04000000001902751 0.040000000045373456 1.3300548162842318e-11   
98 588 0.0023436943031208087 12.803378691518223 0.0400000000006793 4.0000000005238893e-02 0.040000000018760494 0.04000000007977972 2.0551088608655732e-11   
99 594 0.002465435935214886 12.689394419712661 0.0400000000006793 4.0000000005557118e-02 0.04000000002212055 0.040000000038928014 1.972814273054624e-11   
100 600 0.002049676543584634 11.647140610928462 0.0400000000006793 4.0000000002232722e-02 0.04000000001395698 0.04000000003127505 2.198403264985771e-11   
101 606 0.0015695874329597678 10.759900469188839 0.040000000000545106 4.0000000000545106e-02 0.04000000000759956 0.04000000005303796 1.0006419304264824e-11   
102 612 0.001389190506081507 13.163296993711517 0.04000000000039505 4.0000000000395053e-02 0.040000000004483977 0.040000000010957965 7.52830436878682e-12   
103 618 0.0012104052468802243 13.980983284480601 0.04000000000034184 4.0000000000341839e-02 0.04000000000186881 0.040000000011909016 2.480599059495603e-12   
104 624 0.0009919886681839334 13.571568360808248 0.04000000000034184 4.0000000000343199e-02 0.040000000001299385 0.040000000003415886 1.933238291673689e-12   
105 630 0.0007282696301027916 12.84650473078769 0.040000000000038394 4.0000000000038394e-02 0.04000000000064407 0.04000000000144881 1.1249334797014399e-12   
106 636 0.0006184507999095414 10.619342477978497 0.040000000000038394 4.0000000000044438e-02 0.04000000000052659 0.04000000000080229 5.528771884755201e-13   
107 642 0.0005313725837611012 10.713198264648142 0.040000000000038394 4.0000000000055512e-02 0.04000000000040629 0.04000000000056792 3.186201302796121e-13   
108 648 0.0005271369918404371 12.03215653332111 0.04000000000000499 4.0000000000004990e-02 0.04000000000007898 0.0400000000001482 9.335587858316785e-14   
109 654 0.0005317840539609581 12.506294331926028 0.04000000000000499 4.0000000000037908e-02 0.04000000000011281 0.040000000000216834 9.053868765818152e-14   
110 660 0.00038169842922299686 11.932286425621813 0.04000000000000499 4.0000000000038761e-02 0.04000000000012375 0.04000000000036883 2.7669533331220464e-13   
111 666 0.0004137534731352384 12.548666524598827 0.04000000000000079 4.0000000000000792e-02 0.040000000000120974 0.040000000000326386 1.3442025270649083e-13   
112 672 0.00031926428614593327 9.053299877373579 0.04000000000000079 4.0000000000001604e-02 0.04000000000004134 0.040000000000141256 1.0363931934875836e-13   
