% # columns="iter, evals, sigma, 0, fitness, xbest" seed=124399, Tue Aug 18 11:51:04 2026, <python>{}</python>
1 6 0.9008645991634194 0 2.29415189005726 0.10403566358384189 0.1329462999515146
2 12 0.7257033017414689 0 11.36245466798085 -0.14870950413058676 0.33902019885089085
3 18 0.6769286902578174 0 1.1459432779305434 0.38445205434204577 0.06022233365113894
4 24 0.6249343592107797 0 1.85984520058557 -0.09306539028147214 -0.07288963037828225
5 30 0.7143285285712876 0 0.4044104347397831 0.47012246289137644 0.2561776428818458
6 36 0.776236415187524 0 4.2220427451857825 -0.2754720363278549 -0.08521183096380186
7 42 0.6515684936237475 0 3.8071874570618913 0.43934212567838626 0.3799131887382918
8 48 0.6770692167698673 0 1.581669569582348 -0.1971005787037763 0.07739987339084263
9 54 0.6509962928039763 0 3.556390280065335 -0.22659639173351848 0.19458878047955042
10 60 0.7029891791650541 0 1.594682386191104 0.1914696631542967 0.13366378034141027
11 66 1.0772779358623321 0 0.6876594564680178 0.6956352837895833 0.5610460897070192
12 72 0.8266156984471087 0 2.3179235429737823 -0.1784417093691807 0.1282363958233409
13 78 0.6774503255495044 0 0.842768442073577 0.19691051352211816 -0.00570272870476074
14 84 0.5728927753394519 0 0.5908816087560648 0.23958644248508068 0.04615318339041728
15 90 0.4141350314781315 0 0.6365939049829178 0.30187857944018437 0.12975973148137487
16 96 0.47841926453130545 0 0.25342943026514386 0.49716484733946176 0.2447516470816274
17 102 0.5314285113465933 0 0.3372851676896528 0.543497717058375 0.25948839892521725
18 108 0.4280756538270445 0 0.5780760942104433 0.625781277495727 0.32541788571159025
19 114 0.33455720814144124 0 0.27728328131146407 0.47351463539593236 0.2232340601941296
20 120 0.26088518586736464 0 0.24191786080620423 0.5082847480436216 0.25719592321673046
21 126 0.1861709133799469 0 0.2628002069155961 0.5113859425997067 0.24600542115905386
22 132 0.15740233351293242 0 0.2725709594712341 0.5114466390116956 0.24316935856741395
23 138 0.14709951149994 0 0.23952869110809172 0.5148054561058357 0.2586098733972336
24 144 0.13150985096376264 0 0.23720814407537438 0.5270792268511625 0.26617030952455517
25 150 0.12684547100025423 0 0.23061395586453823 0.519811126432569 0.27077458497860224
26 156 0.20382323461989751 0 0.19949938628931194 0.5676087863876964 0.3109827594893952
27 162 0.3357100422633217 0 0.16760165477765893 0.6022499165677138 0.3530113940830829
28 168 0.4325463773929931 0 0.1564938330421488 0.6123684641308295 0.38289173351021494
29 174 0.43229094293950426 0 0.1564278294157862 0.6325935625317489 0.38553209538132055
30 180 0.4070764162007244 0 0.27495632779286544 0.5829631375274693 0.3716322719535812
31 186 0.45497006167466 0 0.10287781841319138 0.687070398518413 0.4650280603697692
32 192 0.4749797806851023 0 0.09984072603090988 0.6864628475556057 0.4751493784734395
33 198 0.4377227679379111 0 0.12695636031065405 0.7357385818046615 0.5174109964971355
34 204 0.4150169027296768 0 0.07735833035446028 0.7218826919623313 0.5208130695604759
35 210 0.42376697048033773 0 0.06171030171130393 0.7516275671732453 0.565406993503878
36 216 0.31917166908099126 0 0.06306380689435315 0.7598177476378273 0.5699906890210101
37 222 0.49115788941593536 0 0.04285960981982165 0.7930836362765048 0.6283091346631693
38 228 0.49703233204997355 0 0.043157478229925196 0.79390475956972 0.6328967207546178
39 234 0.4205826953151134 0 0.05018892817633507 0.7809098194410485 0.6051420899230235
40 240 0.3373525538611255 0 0.0496043938862083 0.7810146007548371 0.6140455658214939
41 246 0.26345729693238257 0 0.046453248244555365 0.7879833541854326 0.6247935762494823
42 252 0.20902800094733107 0 0.04799141286893416 0.7845745271166067 0.6115781453711522
43 258 0.16931920088041982 0 0.047473541918757904 0.7829437338264787 0.6111032095600206
44 264 0.13293253858809834 0 0.04693066858360352 0.7835254709794862 0.6130788157933844
45 270 0.1534528849347314 0 0.04564531119219764 0.7863930955574088 0.6179969488896986
46 276 0.15395183761445508 0 0.045367190897409315 0.7874309342874417 0.6213950043782493
47 282 0.18326462731268756 0 0.04462930905169667 0.7915103207021574 0.6298964649442155
48 288 0.2099184193708517 0 0.04404864660717911 0.7926697275056481 0.6315853654838273
49 294 0.18476539459304786 0 0.04359526504667405 0.792547162951179 0.6304944467368347
50 300 0.181780108867679 0 0.043214394682754426 0.7937755341798638 0.6326984999206017
51 306 0.2055017972662155 0 0.04324228796986857 0.7920636096676039 0.627582604487393
52 312 0.24964482361631735 0 0.042259739006094324 0.7952576811456123 0.6342795609155358
53 318 0.30164599075724996 0 0.04161409499859554 0.7960994311876219 0.6343960200004343
54 324 0.38913428165001834 0 0.041135078303137736 0.7972023932180483 0.6352451424605599
55 330 0.4283684939164226 0 0.04058953053847429 0.7988412075063331 0.6392638353368124
56 336 0.30308293746490833 0 0.041013885404399715 0.7974812395717488 0.6359955833781938
57 342 0.23973645081649617 0 0.040834032454807746 0.7987997928068062 0.6399586315053016
58 348 0.2035509861932359 0 0.040889882865300806 0.7978571070842867 0.6371063755133725
59 354 0.18580675257881837 0 0.04055452220979499 0.7989064843667265 0.6393282331060259
60 360 0.1387199932463205 0 0.040721944727938476 0.7985559982754404 0.6388844057240163
61 366 0.12314829403039512 0 0.04065595850164911 0.7983680164328598 0.6374623207598964
62 372 0.14502106504630355 0 0.040568917742780194 0.7985873702328394 0.6376050285060754
63 378 0.3492322326707287 0 0.04017404288039347 0.7995754724843362 0.6395222233197573
64 384 0.45276697100070773 0 0.040253395444292114 0.7998170912973378 0.641049759908253
65 390 0.49973486987534016 0 0.040075249385169986 0.7998514051590401 0.6393649119530835
66 396 0.45971122361295763 0 0.04015067303414348 0.799959454424167 0.6410946681133459
67 402 0.39098220374820586 0 0.04006001474836648 0.799990279085938 0.6407336214329981
68 408 0.29832760018477616 0 0.040056637746622534 0.7998645589155471 0.6399396125948957
69 414 0.24988669609278186 0 0.04004313441259159 0.7999904360207166 0.640611664465429
70 420 0.24297573941385225 0 0.040038236619377984 0.7999943053770064 0.6405905446849859
71 426 0.21802226747207398 0 0.04000920488809984 0.7999986453332694 0.6402921626146106
72 432 0.21487481417633075 0 0.040000697948626374 0.7999986274203892 0.6399592143813679
73 438 0.18913939524398837 0 0.040000239288820134 0.7999996473552338 0.640030777559972
74 444 0.15438111625216674 0 0.04000108570690107 0.7999978397967776 0.6399494670456416
75 450 0.12462484250072128 0 0.04000262467788699 0.7999992102490813 0.6398467898001201
76 456 0.09022369281652416 0 0.040001009821407064 0.7999999663172356 0.6399001288595614
77 462 0.06677368876517806 0 0.04000005614677287 0.799999996880323 0.6399765644937877
78 468 0.05563432523182885 0 0.040000098952277185 0.7999999986500244 0.6400313685727248
79 474 0.04727277925613141 0 0.040000055646291624 0.7999998615223531 0.6399981808948535
80 480 0.03413042818145149 0 0.040000018347701165 0.7999999548000741 0.639998291438154
81 486 0.033534179496616835 0 0.04000001311489537 0.7999999850990109 0.6400084345858832
82 492 0.031306677350580805 0 0.04000001653693711 0.7999999600338807 0.6399975898065521
83 498 0.025840558955805462 0 0.04000000100237469 0.7999999992227358 0.639997369176548
84 504 0.021157971559248385 0 0.040000000958232404 0.7999999976044315 0.6400000032429561
85 510 0.0160959812657175 0 0.04000000148141611 0.7999999965501309 0.6400010017956806
86 516 0.01299476294766264 0 0.04000000269818417 0.7999999977089222 0.6399957752526244
87 522 0.01229385494830363 0 0.04000000008606556 0.7999999999787067 0.6400008805808068
88 528 0.010896308063516547 0 0.040000000193297976 0.799999999566052 0.6400004433637416
89 534 0.008461649540653976 0 0.04000000014717938 0.7999999998863447 0.6400010083679554
90 540 0.007334317903544306 0 0.040000000089848296 0.7999999999622257 0.6399991354247997
91 546 0.005466318146932129 0 0.04000000002044725 0.7999999999490056 0.6400000221655299
92 552 0.004627476939874845 0 0.040000000038839884 0.7999999999178002 0.6400002439992574
93 558 0.004588890356550192 0 0.04000000000539409 0.7999999999867147 0.6399999717024064
94 564 0.003527050516543743 0 0.0400000000006793 0.7999999999996664 0.6399999261163303
95 570 0.002930637973997723 0 0.04000000000274553 0.7999999999932261 0.6400000189569377
96 576 0.002753381526957598 0 0.0400000000060145 0.7999999999941572 0.6399998082260957
97 582 0.0024060923748857573 0 0.04000000000347905 0.7999999999913151 0.6400000071232065
98 588 0.0023436943031208087 0 0.040000000005238893 0.7999999999870501 0.6399999757059446
99 594 0.002465435935214886 0 0.04000000000555712 0.799999999994261 0.6400001805870648
100 600 0.002049676543584634 0 0.04000000000223272 0.7999999999963621 0.6399999118156922
101 606 0.0015695874329597678 0 0.040000000000545106 0.7999999999995764 0.6399999387084602
102 612 0.001389190506081507 0 0.04000000000039505 0.7999999999995762 0.6399999525108937
103 618 0.0012104052468802243 0 0.04000000000034184 0.7999999999993179 0.6400000262684623
104 624 0.0009919886681839334 0 0.0400000000003432 0.7999999999991738 0.6399999887184944
105 630 0.0007282696301027916 0 0.040000000000038394 0.7999999999999099 0.6400000048496166
106 636 0.0006184507999095414 0 0.04000000000004444 0.799999999999957 0.6400000164987439
107 642 0.0005313725837611012 0 0.04000000000005551 0.799999999999885 0.6399999902416739
108 648 0.0005271369918404371 0 0.04000000000000499 0.8 0.6399999929217091
109 654 0.0005317840539609581 0 0.04000000000003791 0.7999999999999778 0.6399999829566567
110 660 0.00038169842922299686 0 0.04000000000003876 0.799999999999931 0.6399999894371072
111 666 0.0004137534731352384 0 0.04000000000000079 0.7999999999999994 0.6400000023199859
112 672 0.00031926428614593327 0 0.040000000000001604 0.799999999999996 0.6400000004734439
112 672 0.00031926428614593327 0 0.040000000000001604 0.799999999999996 0.6400000004734439
