% # columns="iteration, evaluation, sigma, max axis length,  min axis length, all principal axes lengths  (sorted square roots of eigenvalues of C)", seed=455498, Tue Sep  1 13:57:57 2026
1 6 1.0975827152904716 1.0000250003125026 1.0 1.0 1.0000250003125026
2 12 1.2099830693676932 1.2055485921455535 0.7804577421163907 0.7804577421163907 1.2055485921455535
3 18 1.5847534437463995 1.236429837594725 0.8187155041520888 0.8187155041520888 1.236429837594725
4 24 1.5501956646695323 1.3491979866785675 0.9061119951101536 0.9061119951101536 1.3491979866785675
5 30 1.2591497375402199 1.26070843354482 0.835410355023005 0.835410355023005 1.26070843354482
6 36 1.304602835527451 1.2064194681514773 0.7717550973132841 0.7717550973132841 1.2064194681514773
7 42 1.3099088242560788 1.1232646261811214 0.8627286040697194 0.8627286040697194 1.1232646261811214
8 48 1.3220019520953072 1.1227724526271752 0.7636561523757628 0.7636561523757628 1.1227724526271752
9 54 1.214996935424291 1.0576611410127308 0.7485643315712294 0.7485643315712294 1.0576611410127308
10 60 1.6229186665658923 1.092910436784479 0.6183344044548816 0.6183344044548816 1.092910436784479
11 66 2.7051693179183225 1.2148390957441144 0.6552583623913107 0.6552583623913107 1.2148390957441144
12 72 3.5296900273987095 1.2665663760068167 0.6704624564745609 0.6704624564745609 1.2665663760068167
13 78 3.2150277674976864 1.4097092896276313 0.6032737992139281 0.6032737992139281 1.4097092896276313
14 84 2.579816618492847 1.301936269497077 0.585022104803472 0.585022104803472 1.301936269497077
15 90 3.2155756584001947 1.2706124096550788 0.4847590660207818 0.4847590660207818 1.2706124096550788
16 96 2.8056224740315305 1.5188606905383293 0.5060022711394625 0.5060022711394625 1.5188606905383293
17 102 3.495751860082509 1.1863190666362977 0.500721092569813 0.500721092569813 1.1863190666362977
18 108 2.9981633629734863 1.6058641178888025 0.40052572512333734 0.40052572512333734 1.6058641178888025
19 114 2.3313439675125176 1.5324803936140425 0.36278720431088235 0.36278720431088235 1.5324803936140425
20 120 2.051717796596252 1.5327737782794204 0.2901781925406825 0.2901781925406825 1.5327737782794204
21 126 1.6183330895776484 1.4427872155780763 0.25073361011238643 0.25073361011238643 1.4427872155780763
22 132 1.5867296890992546 1.3143626919038112 0.21593685586125577 0.21593685586125577 1.3143626919038112
23 138 1.2377555880648505 1.1087232104767062 0.23013359184237953 0.23013359184237953 1.1087232104767062
24 144 1.4567489706829437 1.0651846929630517 0.18410278949963343 0.18410278949963343 1.0651846929630517
25 150 1.1277884206460174 0.9289569416309309 0.2175943452449001 0.2175943452449001 0.9289569416309309
26 156 1.1946778511104064 0.9130235386133331 0.17150888909971004 0.17150888909971004 0.9130235386133331
27 162 1.125454991603551 0.8586140053902993 0.1781871523802247 0.1781871523802247 0.8586140053902993
28 168 1.0254459310325121 0.7929287638503794 0.16744380556817842 0.16744380556817842 0.7929287638503794
29 174 0.8693298186564464 0.7395887190150211 0.1624807098808854 0.1624807098808854 0.7395887190150211
30 180 0.6850510784518233 0.6452233431165468 0.14898217887276063 0.14898217887276063 0.6452233431165468
31 186 0.576665551795533 0.5641827300761222 0.13351424617057203 0.13351424617057203 0.5641827300761222
32 192 0.44107255933292644 0.48417616184659334 0.1289495070032523 0.1289495070032523 0.48417616184659334
33 198 0.5238446934909547 0.39917171813066427 0.11875966199255748 0.11875966199255748 0.39917171813066427
34 204 0.47982020586042345 0.4357578384679879 0.1109515332065355 0.1109515332065355 0.4357578384679879
35 210 0.42126795848640153 0.3671942736385746 0.11026467123974829 0.11026467123974829 0.3671942736385746
36 216 0.36716458320494044 0.35986133854630636 0.0935059425259059 0.0935059425259059 0.35986133854630636
37 222 0.2715430235682672 0.3195982136690224 0.09287275733195698 0.09287275733195698 0.3195982136690224
38 228 0.21136164135911745 0.2809055848561734 0.08082645256038587 0.08082645256038587 0.2809055848561734
39 234 0.1649740704149202 0.2519553221874221 0.07024633103752317 0.07024633103752317 0.2519553221874221
40 240 0.127042075709719 0.2356959295834739 0.05960108945206076 0.05960108945206076 0.2356959295834739
41 246 0.09567475259680658 0.22092276866798183 0.050220494416264604 0.050220494416264604 0.22092276866798183
42 252 0.07853154247894598 0.1955544193731104 0.043366894497806 0.043366894497806 0.1955544193731104
43 258 0.0835154276517917 0.18412040632033702 0.03668387881038103 0.03668387881038103 0.18412040632033702
44 264 0.0821402689187245 0.19309763053911558 0.033616815847983934 0.033616815847983934 0.19309763053911558
45 270 0.0722405062451394 0.19959832162538105 0.02813131000154086 0.02813131000154086 0.19959832162538105
46 276 0.09440457918297793 0.18494177283213667 0.024446071119598983 0.024446071119598983 0.18494177283213667
47 282 0.10896747656174727 0.22476928348705902 0.023711203129690984 0.023711203129690984 0.22476928348705902
48 288 0.10464560310497673 0.22936367808557548 0.02214688397866481 0.02214688397866481 0.22936367808557548
49 294 0.09994188780334562 0.21706137144245705 0.02086802364233985 0.02086802364233985 0.21706137144245705
50 300 0.07560755948403153 0.18899857559608776 0.020027980544734397 0.020027980544734397 0.18899857559608776
51 306 0.05778922978333893 0.1595383428623388 0.0186838699716498 0.0186838699716498 0.1595383428623388
52 312 0.0514406776763392 0.15521437957566692 0.015151696521369178 0.015151696521369178 0.15521437957566692
53 318 0.06169113973911732 0.15065881409300022 0.013161286691087256 0.013161286691087256 0.15065881409300022
54 324 0.047229419205498106 0.16476862469230705 0.012984936769127103 0.012984936769127103 0.16476862469230705
55 330 0.038090914059409606 0.13664840105619397 0.012020093191497725 0.012020093191497725 0.13664840105619397
56 336 0.033194014039000456 0.12303699825633928 0.010589959627287909 0.010589959627287909 0.12303699825633928
57 342 0.026879222657455643 0.11702290748986648 0.008957591856318423 0.008957591856318423 0.11702290748986648
58 348 0.01907455655858232 0.09159996096882106 0.008881232116127884 0.008881232116127884 0.09159996096882106
59 354 0.014656079292913363 0.08318653305083933 0.007443117572192975 0.007443117572192975 0.08318653305083933
60 360 0.011711617236262645 0.07406663974736218 0.006485113204526493 0.006485113204526493 0.07406663974736218
61 366 0.0110493602938087 0.0610353610549932 0.006414240293823201 0.006414240293823201 0.0610353610549932
62 372 0.012789396170486042 0.057417025392914524 0.006182899664086761 0.006182899664086761 0.057417025392914524
63 378 0.010148631525471807 0.07255205759583908 0.004907904902952226 0.004907904902952226 0.07255205759583908
64 384 0.009004114754064731 0.05924992954362526 0.00461456793366067 0.00461456793366067 0.05924992954362526
65 390 0.006832737737545694 0.049433225880378406 0.004592270931106579 0.004592270931106579 0.049433225880378406
66 396 0.005747759952687302 0.04259597016871702 0.004054876063947586 0.004054876063947586 0.04259597016871702
67 402 0.006427371562217778 0.039673289751675486 0.0035140544254248563 0.0035140544254248563 0.039673289751675486
68 408 0.00773639919532729 0.044828224848126534 0.00311085543935215 0.00311085543935215 0.044828224848126534
69 414 0.007988312550575784 0.043627146273293144 0.0034214181318931863 0.0034214181318931863 0.043627146273293144
70 420 0.00667773754627219 0.047795774555429764 0.0030775874884852146 0.0030775874884852146 0.047795774555429764
71 426 0.005071727980376431 0.04374525677145984 0.002675346390725158 0.002675346390725158 0.04374525677145984
72 432 0.005119649140791074 0.03595782993557135 0.0024631330892449124 0.0024631330892449124 0.03595782993557135
73 438 0.0041329915633380185 0.035098185492129445 0.0023240377866886475 0.0023240377866886475 0.035098185492129445
74 444 0.0037365095693009573 0.028685577375941133 0.002215576365469974 0.002215576365469974 0.028685577375941133
75 450 0.0029427384040876963 0.02381705518057856 0.0022766182649721256 0.0022766182649721256 0.02381705518057856
76 456 0.002211004089912332 0.022866411862500057 0.0018416599947187237 0.0018416599947187237 0.022866411862500057
77 462 0.001728584046397584 0.020454048316792532 0.0015831229931458708 0.0015831229931458708 0.020454048316792532
78 468 0.0012779548101266277 0.0162596239569831 0.0015336935209497836 0.0015336935209497836 0.0162596239569831
79 474 0.0011198004636789975 0.013976593690993442 0.00137275924492058 0.00137275924492058 0.013976593690993442
80 480 0.0009170731554201453 0.013090018433871135 0.0012274952712539734 0.0012274952712539734 0.013090018433871135
81 486 0.0007828472342392962 0.010288823554094205 0.0012234891574029372 0.0012234891574029372 0.010288823554094205
82 492 0.0006027529050928983 0.01003986096652806 0.0010262014426172005 0.0010262014426172005 0.01003986096652806
83 498 0.0004588661584289795 0.008265622514245922 0.0009599667057615789 0.0009599667057615789 0.008265622514245922
84 504 0.0004340591412077467 0.007486069227432702 0.0008186441044000889 0.0008186441044000889 0.007486069227432702
85 510 0.000398841518418679 0.00712686098175139 0.0007687794821967189 0.0007687794821967189 0.00712686098175139
86 516 0.00037030996086713703 0.0065934730982256514 0.000734551051967928 0.000734551051967928 0.0065934730982256514
87 522 0.00026912446111847043 0.0058650222257836905 0.0006931971837675736 0.0006931971837675736 0.0058650222257836905
88 528 0.00021261505733925995 0.004959221132147793 0.000640611573107064 0.000640611573107064 0.004959221132147793
89 534 0.00020422014235234946 0.004420834437617111 0.0005589308891109585 0.0005589308891109585 0.004420834437617111
90 540 0.0001620824209497722 0.004505752023243508 0.00046884511793723817 0.00046884511793723817 0.004505752023243508
91 546 0.00013979594314405568 0.004099205188245778 0.00040099962784294986 0.00040099962784294986 0.004099205188245778
92 552 0.00012787274953460722 0.0037342677834662674 0.00035817613821606276 0.00035817613821606276 0.0037342677834662674
93 558 0.0001551108057265659 0.003010631855447834 0.0003706655114958038 0.0003706655114958038 0.003010631855447834
94 564 0.00016832601249831602 0.0034631177329297537 0.00034758321858027535 0.00034758321858027535 0.0034631177329297537
95 570 0.0001672106393190436 0.0035663828001850357 0.00031205961885032385 0.00031205961885032385 0.0035663828001850357
96 576 0.00012875897508801112 0.003434459657008252 0.0002878998488007891 0.0002878998488007891 0.003434459657008252
96 576 0.00012875897508801112 0.003434459657008252 0.0002878998488007891 0.0002878998488007891 0.003434459657008252
