% # columns="iteration, evaluation, min max(neg(.)) min(pos(.)) max correlation, correlation matrix principal axes lengths  (sorted square roots of eigenvalues of correlation matrix)", seed=316633, Tue Sep  1 13:23:50 2026
1 6 -0.06581010931907195 -0.06581010931907195 -0.06581010931907195 -0.06581010931907195 0.9665349919588676 1.032380796663262
2 12 -0.008146048758131623 -0.008146048758131623 -0.008146048758131623 -0.008146048758131623 0.9665349919588676 1.032380796663262
3 18 0.22841362092380424 0.22841362092380424 0.22841362092380424 0.22841362092380424 0.8783998970151327 1.1083382249673626
4 24 0.27822985440510295 0.27822985440510295 0.27822985440510295 0.27822985440510295 0.8783998970151327 1.1083382249673626
5 30 0.29395937908646314 0.29395937908646314 0.29395937908646314 0.29395937908646314 0.8402622334209344 1.1375233532048752
6 36 0.4179263430102292 0.4179263430102292 0.4179263430102292 0.4179263430102292 0.8402622334209344 1.1375233532048752
7 42 0.43403585908837167 0.43403585908837167 0.43403585908837167 0.43403585908837167 0.7523058825448784 1.197512362812331
8 48 0.4238991150030861 0.4238991150030861 0.4238991150030861 0.4238991150030861 0.7523058825448784 1.197512362812331
9 54 0.7768584638238999 0.7768584638238999 0.7768584638238999 0.7768584638238999 0.4723785941129216 1.3329885460212703
10 60 0.8349012458573147 0.8349012458573147 0.8349012458573147 0.8349012458573147 0.4723785941129216 1.3329885460212703
11 66 0.9424100417586364 0.9424100417586364 0.9424100417586364 0.9424100417586364 0.23997907875763563 1.3937037137636665
12 72 0.9544714769451013 0.9544714769451013 0.9544714769451013 0.9544714769451013 0.23997907875763563 1.3937037137636665
13 78 0.9478507179955987 0.9478507179955987 0.9478507179955987 0.9478507179955987 0.2283621728842178 1.3956542258007887
14 84 0.9496199049916983 0.9496199049916983 0.9496199049916983 0.9496199049916983 0.2283621728842178 1.3956542258007887
15 90 0.955500837227079 0.955500837227079 0.955500837227079 0.955500837227079 0.21094824666946416 1.3983922329686613
16 96 0.9463962025962256 0.9463962025962256 0.9463962025962256 0.9463962025962256 0.21094824666946416 1.3983922329686613
17 102 0.9353805676082949 0.9353805676082949 0.9353805676082949 0.9353805676082949 0.2542035255296532 1.3911795598010686
18 108 0.9656430995572902 0.9656430995572902 0.9656430995572902 0.9656430995572902 0.2542035255296532 1.3911795598010686
19 114 0.9620926120474926 0.9620926120474926 0.9620926120474926 0.9620926120474926 0.19469819709619104 1.400747162070119
20 120 0.9464264271393565 0.9464264271393565 0.9464264271393565 0.9464264271393565 0.19469819709619104 1.400747162070119
21 126 0.9470969748417666 0.9470969748417666 0.9470969748417666 0.9470969748417666 0.2300065763369245 1.3953841674756693
22 132 0.9429553519276729 0.9429553519276729 0.9429553519276729 0.9429553519276729 0.2300065763369245 1.3953841674756693
23 138 0.9650885439759611 0.9650885439759611 0.9650885439759611 0.9650885439759611 0.18684607575231232 1.4018161591221443
24 144 0.9579492867291385 0.9579492867291385 0.9579492867291385 0.9579492867291385 0.18684607575231232 1.4018161591221443
25 150 0.9646924498465127 0.9646924498465127 0.9646924498465127 0.9646924498465127 0.18790303391240734 1.40167487308809
26 156 0.9726601772981758 0.9726601772981758 0.9726601772981758 0.9726601772981758 0.18790303391240734 1.40167487308809
27 162 0.9769359941540174 0.9769359941540174 0.9769359941540174 0.9769359941540174 0.15186838329943028 1.4060355593490577
28 168 0.9783985187072628 0.9783985187072628 0.9783985187072628 0.9783985187072628 0.15186838329943028 1.4060355593490577
29 174 0.972296396066215 0.972296396066215 0.972296396066215 0.972296396066215 0.16644399638852958 1.4043847037283677
30 180 0.9766800482430655 0.9766800482430655 0.9766800482430655 0.9766800482430655 0.16644399638852958 1.4043847037283677
31 186 0.9893446515882599 0.9893446515882599 0.9893446515882599 0.9893446515882599 0.10322474708973611 1.4104412967537003
32 192 0.9871848454280084 0.9871848454280084 0.9871848454280084 0.9871848454280084 0.10322474708973611 1.4104412967537003
33 198 0.9936009387642382 0.9936009387642382 0.9936009387642382 0.9936009387642382 0.07999413250834023 1.4119493400133867
34 204 0.9947924791637549 0.9947924791637549 0.9947924791637549 0.9947924791637549 0.07999413250834023 1.4119493400133867
35 210 0.9927252233156509 0.9927252233156509 0.9927252233156509 0.9927252233156509 0.08529230143658437 1.411639197286492
36 216 0.9930059975906999 0.9930059975906999 0.9930059975906999 0.9930059975906999 0.08529230143658437 1.411639197286492
37 222 0.9920947089505048 0.9920947089505048 0.9920947089505048 0.9920947089505048 0.0889117036699628 1.4114158525928866
38 228 0.9869015745008084 0.9869015745008084 0.9869015745008084 0.9869015745008084 0.0889117036699628 1.4114158525928866
39 234 0.9890773114916932 0.9890773114916932 0.9890773114916932 0.9890773114916932 0.10451166685258965 1.4103465217781384
40 240 0.9914640576877097 0.9914640576877097 0.9914640576877097 0.9914640576877097 0.10451166685258965 1.4103465217781384
41 246 0.9911753258688404 0.9911753258688404 0.9911753258688404 0.9911753258688404 0.09393973669943853 1.411090119683658
42 252 0.9829467472590956 0.9829467472590956 0.9829467472590956 0.9829467472590956 0.09393973669943853 1.411090119683658
43 258 0.9742960467897331 0.9742960467897331 0.9742960467897331 0.9742960467897331 0.16032452466876926 1.4050964546214375
44 264 0.973698215892876 0.973698215892876 0.973698215892876 0.973698215892876 0.16032452466876926 1.4050964546214375
45 270 0.9768856758907594 0.9768856758907594 0.9768856758907594 0.9768856758907594 0.1520339570926206 1.406017665568523
46 276 0.9667575316794795 0.9667575316794795 0.9667575316794795 0.9667575316794795 0.1520339570926206 1.406017665568523
47 282 0.960914172193584 0.960914172193584 0.960914172193584 0.960914172193584 0.19770136015317666 1.4003264520080967
48 288 0.963497181803372 0.963497181803372 0.963497181803372 0.963497181803372 0.19770136015317666 1.4003264520080967
49 294 0.9565471720358061 0.9565471720358061 0.9565471720358061 0.9565471720358061 0.2084534191712724 1.3987663035817692
50 300 0.9304653536603296 0.9304653536603296 0.9304653536603296 0.9304653536603296 0.2084534191712724 1.3987663035817692
51 306 0.9136299009518368 0.9136299009518368 0.9136299009518368 0.9136299009518368 0.2938879021806839 1.383340124825358
52 312 0.9534174658251972 0.9534174658251972 0.9534174658251972 0.9534174658251972 0.2938879021806839 1.383340124825358
53 318 0.9514358651352559 0.9514358651352559 0.9514358651352559 0.9514358651352559 0.22037271805907419 1.396938031959634
54 324 0.9561976304289246 0.9561976304289246 0.9561976304289246 0.9561976304289246 0.22037271805907419 1.396938031959634
55 330 0.953176770042447 0.953176770042447 0.953176770042447 0.953176770042447 0.21638676012536673 1.3975610076280918
56 336 0.9377399065133656 0.9377399065133656 0.9377399065133656 0.9377399065133656 0.21638676012536673 1.3975610076280918
57 342 0.8798726648709512 0.8798726648709512 0.8798726648709512 0.8798726648709512 0.3465939052104765 1.3710844849501256
58 348 0.8101631750431793 0.8101631750431793 0.8101631750431793 0.8101631750431793 0.3465939052104765 1.3710844849501256
59 354 0.7199009226459887 0.7199009226459887 0.7199009226459887 0.7199009226459887 0.5292438732323798 1.3114499314293278
60 360 0.5521944032560246 0.5521944032560246 0.5521944032560246 0.5521944032560246 0.5292438732323798 1.3114499314293278
61 366 0.45181782632336526 0.45181782632336526 0.45181782632336526 0.45181782632336526 0.7403932560988349 1.2049140327522811
62 372 0.47923909786784225 0.47923909786784225 0.47923909786784225 0.47923909786784225 0.7403932560988349 1.2049140327522811
63 378 0.5667158979499116 0.5667158979499116 0.5667158979499116 0.5667158979499116 0.6582431936982625 1.2516852231890858
64 384 0.5803060493864456 0.5803060493864456 0.5803060493864456 0.5803060493864456 0.6582431936982625 1.2516852231890858
65 390 0.5375770064365154 0.5375770064365154 0.5375770064365154 0.5375770064365154 0.6800169068217969 1.2399907283671583
66 396 0.42763770251469785 0.42763770251469785 0.42763770251469785 0.42763770251469785 0.6800169068217969 1.2399907283671583
67 402 0.3600073085031551 0.3600073085031551 0.3600073085031551 0.3600073085031551 0.7999954321724875 1.166193512459727
68 408 0.3435819402249074 0.3435819402249074 0.3435819402249074 0.3435819402249074 0.7999954321724875 1.166193512459727
69 414 0.29765675602664926 0.29765675602664926 0.29765675602664926 0.29765675602664926 0.8380592126892649 1.139147381170079
70 420 0.30588655506178786 0.30588655506178786 0.30588655506178786 0.30588655506178786 0.8380592126892649 1.139147381170079
71 426 0.3081303186553422 0.3081303186553422 0.3081303186553422 0.3081303186553422 0.8317870408612158 1.1437352484973706
72 432 0.16904412344795003 0.16904412344795003 0.16904412344795003 0.16904412344795003 0.8317870408612158 1.1437352484973706
73 438 0.2014267066028452 0.2014267066028452 0.2014267066028452 0.2014267066028452 0.8936292818597401 1.0960961210600306
74 444 0.13410922940634254 0.13410922940634254 0.13410922940634254 0.13410922940634254 0.8936292818597401 1.0960961210600306
75 450 -0.07663757135205418 -0.07663757135205418 -0.07663757135205418 -0.07663757135205418 0.9609174931532602 1.0376114741809934
76 456 -0.21787789658304205 -0.21787789658304205 -0.21787789658304205 -0.21787789658304205 0.9609174931532602 1.0376114741809934
77 462 -0.033913910413508976 -0.033913910413508976 -0.033913910413508976 -0.033913910413508976 0.9828967848082987 1.016815573451503
78 468 -0.02194443355264592 -0.02194443355264592 -0.02194443355264592 -0.02194443355264592 0.9828967848082987 1.016815573451503
79 474 -0.11636549934793254 -0.11636549934793254 -0.11636549934793254 -0.11636549934793254 0.9400183512315423 1.056581988937883
80 480 0.04240368150404367 0.04240368150404367 0.04240368150404367 0.04240368150404367 0.9400183512315423 1.056581988937883
81 486 0.29918534010466213 0.29918534010466213 0.29918534010466213 0.29918534010466213 0.8371467373736444 1.139818117115473
82 492 0.206155749609256 0.206155749609256 0.206155749609256 0.206155749609256 0.8371467373736444 1.139818117115473
83 498 0.23157806985878354 0.23157806985878354 0.23157806985878354 0.23157806985878354 0.8765967888038471 1.109764871429432
84 504 0.20555037011090527 0.20555037011090527 0.20555037011090527 0.20555037011090527 0.8765967888038471 1.109764871429432
85 510 0.1638556433860737 0.1638556433860737 0.1638556433860737 0.1638556433860737 0.9144092938142778 1.0788214140375938
86 516 0.19023950779223925 0.19023950779223925 0.19023950779223925 0.19023950779223925 0.9144092938142778 1.0788214140375938
87 522 0.27099708000316064 0.27099708000316064 0.27099708000316064 0.27099708000316064 0.8538166782142637 1.1273850628792101
88 528 0.17453421469262315 0.17453421469262315 0.17453421469262315 0.17453421469262315 0.8538166782142637 1.1273850628792101
89 534 0.07922037681304316 0.07922037681304316 0.07922037681304316 0.07922037681304316 0.9595726252801071 1.0388553204431514
90 540 -0.16645371452490662 -0.16645371452490662 -0.16645371452490662 -0.16645371452490662 0.9595726252801071 1.0388553204431514
91 546 -0.06668332346719885 -0.06668332346719885 -0.06668332346719885 -0.06668332346719885 0.966083162327551 1.0328036228960464
92 552 -0.2520678101236751 -0.2520678101236751 -0.2520678101236751 -0.2520678101236751 0.966083162327551 1.0328036228960464
93 558 -0.1632039926128104 -0.1632039926128104 -0.1632039926128104 -0.1632039926128104 0.9147655477701321 1.0785193519880905
94 564 -0.1659945463450314 -0.1659945463450314 -0.1659945463450314 -0.1659945463450314 0.9147655477701321 1.0785193519880905
95 570 -0.14997960718470743 -0.14997960718470743 -0.14997960718470743 -0.14997960718470743 0.9219655052198498 1.0723710212350517
96 576 -0.14918972989883877 -0.14918972989883877 -0.14918972989883877 -0.14918972989883877 0.9219655052198498 1.0723710212350517
97 582 -0.09649940922358952 -0.09649940922358952 -0.09649940922358952 -0.09649940922358952 0.9505264808391245 1.0471386771691653
98 588 -0.09652080821839056 -0.09652080821839056 -0.09652080821839056 -0.09652080821839056 0.9505264808391245 1.0471386771691653
99 594 0.03857788654842582 0.03857788654842582 0.03857788654842582 0.03857788654842582 0.9805213477796259 1.0191064157135044
100 600 0.18173134710774475 0.18173134710774475 0.18173134710774475 0.18173134710774475 0.9805213477796259 1.0191064157135044
101 606 0.1469432323540796 0.1469432323540796 0.1469432323540796 0.1469432323540796 0.9236107230028895 1.0709543558686707
102 612 -0.08464585602754704 -0.08464585602754704 -0.08464585602754704 -0.08464585602754704 0.9236107230028895 1.0709543558686707
103 618 0.08796123837401731 0.08796123837401731 0.08796123837401731 0.08796123837401731 0.9550072050126024 1.0430538041606565
104 624 -0.022017661518983073 -0.022017661518983073 -0.022017661518983073 -0.022017661518983073 0.9550072050126024 1.0430538041606565
105 630 0.11910579646751769 0.11910579646751769 0.11910579646751769 0.11910579646751769 0.9385596430341986 1.0578779686086281
106 636 -0.023707121400162585 -0.023707121400162585 -0.023707121400162585 -0.023707121400162585 0.9385596430341986 1.0578779686086281
107 642 -0.10841952879116568 -0.10841952879116568 -0.10841952879116568 -0.10841952879116568 0.9442353897248474 1.0528150496602744
108 648 -0.09478684514044826 -0.09478684514044826 -0.09478684514044826 -0.09478684514044826 0.9442353897248474 1.0528150496602744
109 654 -0.13395902029992265 -0.13395902029992265 -0.13395902029992265 -0.13395902029992265 0.9306132277697742 1.06487511957972
110 660 -0.109935186766448 -0.109935186766448 -0.109935186766448 -0.109935186766448 0.9306132277697742 1.06487511957972
111 666 -0.15600745575066488 -0.15600745575066488 -0.15600745575066488 -0.15600745575066488 0.9186906684239996 1.0751778716801537
112 672 -0.13558524668322042 -0.13558524668322042 -0.13558524668322042 -0.13558524668322042 0.9186906684239996 1.0751778716801537
113 678 -0.2910621913606044 -0.2910621913606044 -0.2910621913606044 -0.2910621913606044 0.8419844467918608 1.1362491766160294
114 684 -0.20491016229780046 -0.20491016229780046 -0.20491016229780046 -0.20491016229780046 0.8419844467918608 1.1362491766160294
114 684 -0.20491016229780046 -0.20491016229780046 -0.20491016229780046 -0.20491016229780046 0.8419844467918608 1.1362491766160294
