% # columns="iteration, evaluation, sigma, axis ratio, bestever, best, median, worst objective function value, interquartile range, further/more values", seed=316633, Tue Sep  1 13:23:50 2026, <python>{}</python>
1 6 0.7523762002711339 1.0000250003125026 1.334675220311698 1.3346752203116981e+00 20.117781221359657 95.28484369079806 28.790490124473724   
2 12 0.7678633517422845 1.2282963760599812 1.334675220311698 1.5434453296410069e+00 23.590864182984504 33.095691639848454 28.70325319054026   
3 18 0.8102394885027163 1.5388628706361092 0.6446358683779025 6.4463586837790254e-01 7.490567770752859 28.317982183743084 5.2006598785031946   
4 24 0.5663430323590964 1.7148986374557744 0.6446358683779025 1.5378434916715984e+00 15.922047914825354 37.59816483417191 21.23449561450748   
5 30 0.4718384711928603 1.7116427377996737 0.4151147807865126 4.1511478078651259e-01 8.44636173723573 15.42754572113609 11.35312671685501   
6 36 0.36868695649705696 1.9294062655879085 0.4151147807865126 1.6132726998517120e+00 7.026792252603427 25.86213656136068 5.737918670140619   
7 42 0.28695582736398784 1.972000882420746 0.4151147807865126 5.6647664409904697e-01 1.213801646477731 2.56028312385469 1.1408307721726858   
8 48 0.2292764355495536 1.885749046838917 0.36163540783643916 3.6163540783643916e-01 1.4357482617413526 3.981196247878569 1.120050743360372   
9 54 0.33484794773305726 1.8737601652577913 0.36163540783643916 4.5060276635976204e-01 1.145413960476327 4.499224061280061 0.9422333036283166   
10 60 0.5417427376839659 3.049798757381164 0.16653177781215237 1.6653177781215237e-01 1.3819826028652256 1.6481870590991934 1.2208135771115665   
11 66 0.5809410422631822 3.5184388068845283 0.16653177781215237 8.4277037021135948e-01 1.2504236873129349 4.370952108342015 1.5611999446282643   
12 72 0.4542328312616046 6.199661491065561 0.16653177781215237 7.7688464927265222e-01 1.341577472202949 3.7547015100057135 0.4327888447926487   
13 78 0.383485582990797 7.120404876053234 0.16653177781215237 3.0331377041244945e-01 2.4007589945178855 15.053877970765715 1.7005446101816317   
14 84 0.33220098800852016 6.771681033666115 0.16653177781215237 2.2046189663448348e-01 2.016251321252205 3.917282932288189 2.8971969667825417   
15 90 0.3446000019678817 6.872730255713125 0.16653177781215237 2.5365166495999286e-01 0.9154146438290214 1.7284033831534764 1.0068263648887992   
16 96 0.28627007196823256 7.142929614564264 0.16653177781215237 3.5631909058123568e-01 0.734442004456895 2.61911175490323 0.35353965775977936   
17 102 0.3124868513410173 6.355125086980447 0.16653177781215237 2.0836326493570317e-01 0.5958054026225642 1.2680693762534365 0.6023886388643119   
18 108 0.41255273999600905 5.60070953396534 0.16637069656846165 1.6637069656846165e-01 0.5100705367046274 1.5409487328953213 0.3315133664982455   
19 114 0.31061800284009544 7.597133076271277 0.16637069656846165 3.5778829106496801e-01 3.3346272310718987 16.12162259931561 5.363503608260703   
20 120 0.22715450182759955 7.259640091773226 0.16637069656846165 2.2361156855240666e-01 0.39346783271219815 0.46185071480911627 0.22337156366358824   
21 126 0.2119494596421446 6.10376584999779 0.1528239179889608 1.5282391798896081e-01 0.33663303456302507 0.9740579551443361 0.42513468292046885   
22 132 0.1696403312438382 6.136409844488417 0.1528239179889608 1.7583339070647450e-01 0.18729380976347876 0.2565866440050406 0.014629228065939609   
23 138 0.16387313463539174 5.873176829251169 0.1528239179889608 1.9044302152413536e-01 0.22620082890215257 0.39840275356560106 0.03838467360949471   
24 144 0.1366292333524102 7.5062798686738175 0.1528239179889608 1.7429414726167944e-01 0.20906963478289456 0.28368693153153324 0.06032145051173152   
25 150 0.13108172842424115 6.82518938107649 0.1528239179889608 1.6346508693742093e-01 0.19221164455661105 0.22975576577391985 0.0492606505608949   
26 156 0.11101833193793315 7.45997246683137 0.1528239179889608 1.5611673617368507e-01 0.17631848944027453 0.2393254851629982 0.06544137820684642   
27 162 0.12088064297770407 8.498519511238136 0.14269434144753015 1.4269434144753015e-01 0.15999020431318572 0.2174669647288872 0.024014671156608602   
28 168 0.11960736239536371 9.282477705693335 0.13969070974326514 1.3969070974326514e-01 0.164379121914436 0.21920944458399982 0.040520237502752326   
29 174 0.14391703029872685 9.62356153823439 0.12186883123490236 1.2186883123490236e-01 0.14073413078030148 0.16391991221938268 0.013166186414085013   
30 180 0.2021604429937193 8.56872110294083 0.10517992520411899 1.0517992520411899e-01 0.1250717098136613 0.13582612153917553 0.01021495667516148   
31 186 0.2428145660206679 9.49088273301102 0.0803765669222706 8.0376566922270604e-02 0.12141046650578985 0.16618111931793694 0.03917090059871514   
32 192 0.24233986288460016 14.038086646673344 0.0771652564834535 7.7165256483453501e-02 0.11977011772186918 1.2021716268643494 0.07070189732575576   
33 198 0.32548131065690983 12.803031583546428 0.04456168880682244 4.4561688806822437e-02 0.13206865017704497 0.16361171152832316 0.08719990421153552   
34 204 0.32977074726930355 18.072085576294395 0.04456168880682244 8.2740305101613482e-02 0.14583982539426038 1.5615758739364813 0.23365483746084065   
35 210 0.31738768802595774 19.94212270351906 0.04456168880682244 5.3600417986530473e-02 0.8429336646893422 2.239090926505296 1.5247069330333165   
36 216 0.28105071522807734 16.794782602925178 0.04456168880682244 5.2619158030010188e-02 0.1034320311136591 0.21088958330301216 0.09071555169966575   
37 222 0.21591904563544745 17.102703594442918 0.04456168880682244 6.9574637535166933e-02 0.08066691410227765 1.4572870659500627 0.01064047442204448   
38 228 0.2006844594016801 16.063668705590608 0.04456168880682244 5.1277853318009249e-02 0.08720660971269023 0.4373479268480327 0.05103588728025386   
39 234 0.1776807424142402 12.443594891304663 0.04456168880682244 4.6537184431983979e-02 0.054663358559610735 0.08083538951213852 0.02884675877054286   
40 240 0.16023437039908683 13.596659954882504 0.04240959569298225 4.2409595692982249e-02 0.06552156847017955 0.0714416570849851 0.022776045695009704   
41 246 0.1556898477883816 15.32751344551947 0.04240959569298225 4.5483022397317836e-02 0.07699230552770678 0.09681568205461104 0.034651880061473406   
42 252 0.24255980500817456 15.041914851628679 0.04240959569298225 4.5403669878991949e-02 0.05089778951706775 0.18759105134160375 0.02088642138978642   
43 258 0.22779065422163755 10.79544246530809 0.04240959569298225 7.0638530440952904e-02 0.10345271304207675 0.500011908226164 0.09598117518788066   
44 264 0.20751231951655155 8.76983288478504 0.04084462829680597 4.0844628296805970e-02 0.08088167482268763 0.0907993998808819 0.04680234989682872   
45 270 0.18294103132117495 8.662812656087882 0.04084462829680597 4.1916917130943462e-02 0.04335991199391124 0.07102653949619633 0.024700948122287694   
46 276 0.1370557746921466 9.251128183980112 0.04084462829680597 4.1068924879938302e-02 0.05101306996867657 0.131036440002315 0.014471339963021114   
47 282 0.10717935555475268 7.703714504889226 0.04084462829680597 4.1686982487363598e-02 0.047528724529034505 0.05380781179892245 0.009062226487744927   
48 288 0.07818700204291483 7.140735716053414 0.04084462829680597 4.0948327799272245e-02 0.04372109780327189 0.04661280221713228 0.0030767816198136594   
49 294 0.06611267348585038 7.366266722789563 0.040643616495683446 4.0643616495683446e-02 0.04460289047748679 0.04559244470769078 0.002891726908887657   
50 300 0.07062142570144588 6.792709328736381 0.040643616495683446 4.0994832101339362e-02 0.04173553382771892 0.04308041818516127 0.0007446433619800602   
51 306 0.06415609702236497 5.319516832938173 0.040643616495683446 4.1153461722852384e-02 0.04156624750912088 0.04350515018165408 0.0006562208069558206   
52 312 0.05542365388355763 4.78147343735753 0.040643616495683446 4.0944590577714837e-02 0.04113041148571719 0.041178998175097556 0.00015096014766218663   
53 318 0.04290451034179018 6.568733939196892 0.040643616495683446 4.0941264807471227e-02 0.041334382338484445 0.0414774275500816 0.00036994844094538626   
54 324 0.04282442058388505 6.501869219038236 0.040643616495683446 4.0845923386418022e-02 0.04098849819192233 0.04121533402699829 0.00022938709256194179   
55 330 0.03519918595880963 6.967691645779419 0.040643616495683446 4.0876172572004030e-02 0.04107513182357338 0.04121550935638978 0.00019855385586149688   
56 336 0.04154290735592311 6.773555219656655 0.040643616495683446 4.0796839179270752e-02 0.040912194150087455 0.040968134409395875 0.00010774368011071817   
57 342 0.04786254218378055 6.103791537494793 0.040643616495683446 4.0687796509456454e-02 0.04089262713062403 0.041385379300888 0.00011385085915745219   
58 348 0.056944898163063286 4.472166222348361 0.040643616495683446 4.0659082586171930e-02 0.040769160036066995 0.041008423464451244 0.00012989305007227864   
59 354 0.0652663922377544 3.5728903561247467 0.040549160601375846 4.0549160601375846e-02 0.04073462924109494 0.04095981169970654 0.00026506250167851464   
60 360 0.0809258012508452 3.256252747058072 0.04048220935887023 4.0482209358870230e-02 0.04067962461814693 0.040769118392394346 0.0001549192963030549   
61 366 0.10252752775264916 3.0349789607478286 0.04038067183533484 4.0380671835334843e-02 0.04053846464049006 0.04062775744352634 0.00011129779634422299   
62 372 0.17036737932360435 3.2928167843420617 0.0401271545990608 4.0127154599060799e-02 0.04054413001293664 0.04078956708768215 0.000578131958563155   
63 378 0.23908893342598522 3.8468590045902578 0.040030322155673995 4.0030322155673995e-02 0.040441116660462385 0.040786444103404325 0.0005277782459572264   
64 384 0.24945059650622906 4.928225317344854 0.04000229865960891 4.0002298659608908e-02 0.040242534208052363 0.040998089737225865 0.00043305974608540826   
65 390 0.21817435816670389 4.887681182717442 0.04000229865960891 4.0063725678996534e-02 0.04027708822314436 0.04117739683302512 0.0008184157424476826   
66 396 0.17508206220666483 5.635840009391345 0.04000229865960891 4.0013656445658477e-02 0.04019218042516476 0.040356759229876735 0.00011930245754341456   
67 402 0.1419655310493851 5.311447051324977 0.04000229865960891 4.0009792819717865e-02 0.04020291391787639 0.04021641861425855 0.00019277371213755057   
68 408 0.10206014683940565 4.4760986012967106 0.04000229865960891 4.0018319553669614e-02 0.040076017929776574 0.04017383362260122 9.51398085689073e-05   
69 414 0.07756477855041273 5.689422109190758 0.04000229865960891 4.0005440998253677e-02 0.04004251861338074 0.04009385578243925 4.671484194465614e-05   
70 420 0.06443754800599082 6.009340604431526 0.04000120007527625 4.0001200075276251e-02 0.040035327521108936 0.04007469187248682 2.9855961377410478e-05   
71 426 0.05343425574361076 6.662121610113858 0.040000510295550934 4.0000510295550934e-02 0.04000982762130241 0.04002410136444329 1.6009230921119888e-05   
72 432 0.04005491635971195 7.727788634770052 0.040000302568802014 4.0000302568802014e-02 0.04000523864516726 0.04000779508672581 5.7607721630076325e-06   
73 438 0.037200344311443874 6.682262968650809 0.04000023067277975 4.0000230672779753e-02 0.040001166003727245 0.040004243066528146 7.927015932690518e-07   
74 444 0.030949605035533217 7.834297125440342 0.04000023067277975 4.0000342480654448e-02 0.04000160036092664 0.0400059318062311 3.63580304704042e-06   
75 450 0.027029239884190214 7.784771547881105 0.04000023067277975 4.0000656302520934e-02 0.04000165343968859 0.040006035283299546 7.174119800862355e-07   
76 456 0.02126790876269805 8.17954402558561 0.04000009073390777 4.0000090733907770e-02 0.04000087021739419 0.04000142235484769 7.84242329077145e-07   
77 462 0.016325832209618536 7.362779684957433 0.040000018656426835 4.0000018656426835e-02 0.04000013566384525 0.04000234822730127 5.5250347019697443e-08   
78 468 0.014133930562115532 7.977591472692458 0.040000018656426835 4.0000032150838472e-02 0.0400000605062001 0.040000171092988854 3.438819506235147e-08   
79 474 0.009991644410815946 7.329989318922005 0.04000000888007561 4.0000008880075613e-02 0.04000004698266214 0.040000179360549455 6.056006277704862e-08   
80 480 0.008245322315722566 6.138644836461569 0.04000000195204885 4.0000001952048850e-02 0.04000005376687909 0.04000014892839517 9.275871381414502e-08   
81 486 0.00773313721180282 5.1179332313013 0.04000000195204885 4.0000005174139437e-02 0.04000001137062998 0.04000002666463556 6.051918258198619e-09   
82 492 0.006665057952101721 5.270974429902713 0.040000000276278216 4.0000000276278216e-02 0.04000000882459793 0.04000002212918194 1.4740625997600176e-08   
83 498 0.005626626717349937 4.922457432084693 0.040000000276278216 4.0000001839262847e-02 0.04000001369016307 0.04000003000486988 1.3961431601094976e-08   
84 504 0.004563906150284529 5.181419512646512 0.040000000276278216 4.0000001715773802e-02 0.0400000067150048 0.04000002333947689 4.543291742820088e-09   
85 510 0.0036805158092724703 5.767454075395189 0.040000000276278216 4.0000000545124717e-02 0.04000000392440782 0.04000000974826249 3.801064199504545e-09   
86 516 0.0039033415642428754 7.045957683050705 0.04000000010322102 4.0000000103221023e-02 0.040000001120270814 0.040000001323071833 1.1145831826930852e-09   
87 522 0.003114357415895216 8.629551642672665 0.040000000041776444 4.0000000041776444e-02 0.040000001521349055 0.04000000378957106 1.8793030256980536e-09   
88 528 0.0028548493959607525 7.401791508828972 0.040000000041776444 4.0000000181276425e-02 0.04000000112235991 0.04000000237996349 1.1770237631769653e-09   
89 534 0.002829144823426057 7.612052575909411 0.040000000041776444 4.0000000477387991e-02 0.0400000010965362 0.04000000144198591 4.5608625903748035e-10   
90 540 0.0026783574450605398 8.451426046203666 0.040000000013307085 4.0000000013307085e-02 0.04000000035233327 0.040000000590416564 3.2028052432409027e-10   
91 546 0.0022434091163262035 8.653451684628047 0.040000000013307085 4.0000000016109059e-02 0.040000000330430684 0.0400000007624615 3.228105699415451e-10   
92 552 0.0017224990006250156 8.181069392838983 0.040000000013307085 4.0000000040581137e-02 0.040000000222646645 0.04000000080075662 2.984354222079766e-10   
93 558 0.0013005749077732848 8.953296560724537 0.040000000000600985 4.0000000000600985e-02 0.04000000004340258 0.04000000013608854 5.6602958431462014e-11   
94 564 0.0013145780517018902 7.800500817198255 0.040000000000600985 4.0000000011651111e-02 0.04000000007079748 0.04000000012669876 7.131342044663924e-11   
95 570 0.0009469902956100858 6.5008446136009 0.040000000000600985 4.0000000009501643e-02 0.04000000005415135 0.04000000006851564 3.736538162213421e-11   
96 576 0.0007784734464386634 5.769664651067535 0.040000000000600985 4.0000000001585982e-02 0.040000000007298295 0.04000000002116145 1.1353862294782857e-11   
97 582 0.0006848462202434507 5.027701808704595 0.040000000000600985 4.0000000003556420e-02 0.040000000009611396 0.04000000001413733 5.514942669204714e-12   
98 588 0.0006637102814341245 4.776022955243439 0.040000000000600985 4.0000000000895222e-02 0.040000000007094486 0.040000000017767094 3.737364584477376e-12   
99 594 0.0004884113662466501 4.356660386357225 0.040000000000451424 4.0000000000451424e-02 0.04000000000571219 0.040000000036391044 2.654050590411572e-12   
100 600 0.00039605877982446284 4.4279829252158915 0.0400000000001918 4.0000000000191799e-02 0.04000000000131563 0.04000000000595158 5.149831949768924e-12   
101 606 0.000297904789886448 4.824989832676545 0.04000000000000676 4.0000000000006759e-02 0.04000000000060934 0.040000000006538715 1.3216233663015942e-12   
102 612 0.00022115172661969984 5.220412210462285 0.04000000000000676 4.0000000000157507e-02 0.040000000000273254 0.04000000000052487 2.8400198859301895e-13   
103 618 0.00020249097240670165 5.336008992239339 0.04000000000000676 4.0000000000067745e-02 0.040000000000341145 0.04000000000070322 1.9982626664472036e-13   
104 624 0.00016484199634872365 4.768812735293828 0.04000000000000676 4.0000000000048247e-02 0.040000000000213594 0.04000000000053043 3.7425618160114027e-13   
105 630 0.00016429558007615439 5.585475839227307 0.04000000000000676 4.0000000000013497e-02 0.040000000000178046 0.04000000000028361 1.92748594862735e-13   
106 636 0.00013583047350757666 6.318495233535554 0.04000000000000676 4.0000000000008001e-02 0.0400000000000666 0.04000000000014239 4.0391301414643976e-14   
107 642 0.00012658064188340163 6.133036692494321 0.04000000000000676 4.0000000000010041e-02 0.04000000000002537 0.04000000000007454 5.904998712225051e-14   
108 648 0.00010404816107266084 5.119888790556544 0.04000000000000505 4.0000000000005052e-02 0.04000000000003036 0.04000000000010308 3.563122019656362e-14   
109 654 8.385961190999355e-05 5.076714331815508 0.040000000000000424 4.0000000000000424e-02 0.04000000000000661 0.040000000000017875 1.2739809207573671e-14   
110 660 6.433378355895628e-05 6.163311139100856 0.040000000000000424 4.0000000000001056e-02 0.04000000000000462 0.0400000000000177 3.837208328860697e-15   
111 666 6.483831521976116e-05 5.055051664370058 0.040000000000000424 4.0000000000002006e-02 0.0400000000000084 0.04000000000001214 8.250344851745695e-15   
112 672 5.44302862164956e-05 4.909525209292403 0.03999999999999998 3.9999999999999980e-02 0.04000000000000402 0.04000000000001151 4.989064716909297e-15   
113 678 4.5154969073184317e-05 4.1965274636706456 0.03999999999999998 4.0000000000000500e-02 0.040000000000003144 0.04000000000000605 3.698430450782553e-15   
114 684 4.265876658460621e-05 5.382387269401093 0.03999999999999998 3.9999999999999980e-02 0.040000000000000376 0.040000000000000674 3.2612801348363973e-16   
