% # columns="iteration, evaluation, sigma, beta, void,  sigvec==sigma_vec.scaling factors from diagonal decoding", seed=316633, Tue Sep  1 13:23:50 2026, <python>{}</python>
1 6 0.7523762002711339 1 0 0.6 0.5999850001874985
2 12 0.7678633517422845 1 0 0.6 0.5999850001874985
3 18 0.8102394885027163 1 0 0.6 0.5999850001874985
4 24 0.5663430323590964 1 0 0.6 0.5999850001874985
5 30 0.4718384711928603 1 0 0.6 0.5999850001874985
6 36 0.36868695649705696 1 0 0.6 0.5999850001874985
7 42 0.28695582736398784 1 0 0.6 0.5999850001874985
8 48 0.2292764355495536 1 0 0.6 0.5999850001874985
9 54 0.33484794773305726 1 0 0.6 0.5999850001874985
10 60 0.5417427376839659 1 0 0.6 0.5999850001874985
11 66 0.5809410422631822 1 0 0.6 0.5999850001874985
12 72 0.4542328312616046 1 0 0.6 0.5999850001874985
13 78 0.383485582990797 1 0 0.6 0.5999850001874985
14 84 0.33220098800852016 1 0 0.6 0.5999850001874985
15 90 0.3446000019678817 1 0 0.6 0.5999850001874985
16 96 0.28627007196823256 1 0 0.6 0.5999850001874985
17 102 0.3124868513410173 1 0 0.6 0.5999850001874985
18 108 0.41255273999600905 1 0 0.6 0.5999850001874985
19 114 0.31061800284009544 1 0 0.6 0.5999850001874985
20 120 0.22715450182759955 1 0 0.6 0.5999850001874985
21 126 0.2119494596421446 1 0 0.6 0.5999850001874985
22 132 0.1696403312438382 1 0 0.6 0.5999850001874985
23 138 0.16387313463539174 1 0 0.6 0.5999850001874985
24 144 0.1366292333524102 1 0 0.6 0.5999850001874985
25 150 0.13108172842424115 1 0 0.6 0.5999850001874985
26 156 0.11101833193793315 1 0 0.6 0.5999850001874985
27 162 0.12088064297770407 1 0 0.6 0.5999850001874985
28 168 0.11960736239536371 1 0 0.6 0.5999850001874985
29 174 0.14391703029872685 1 0 0.6 0.5999850001874985
30 180 0.2021604429937193 1 0 0.6 0.5999850001874985
31 186 0.2428145660206679 1 0 0.6 0.5999850001874985
32 192 0.24233986288460016 1 0 0.6 0.5999850001874985
33 198 0.32548131065690983 1 0 0.6 0.5999850001874985
34 204 0.32977074726930355 1 0 0.6 0.5999850001874985
35 210 0.31738768802595774 1 0 0.6 0.5999850001874985
36 216 0.28105071522807734 1 0 0.6 0.5999850001874985
37 222 0.21591904563544745 1 0 0.6 0.5999850001874985
38 228 0.2006844594016801 1 0 0.6 0.5999850001874985
39 234 0.1776807424142402 1 0 0.6 0.5999850001874985
40 240 0.16023437039908683 1 0 0.6 0.5999850001874985
41 246 0.1556898477883816 1 0 0.6 0.5999850001874985
42 252 0.24255980500817456 1 0 0.6 0.5999850001874985
43 258 0.22779065422163755 1 0 0.6 0.5999850001874985
44 264 0.20751231951655155 1 0 0.6 0.5999850001874985
45 270 0.18294103132117495 1 0 0.6 0.5999850001874985
46 276 0.1370557746921466 1 0 0.6 0.5999850001874985
47 282 0.10717935555475268 1 0 0.6 0.5999850001874985
48 288 0.07818700204291483 1 0 0.6 0.5999850001874985
49 294 0.06611267348585038 1 0 0.6 0.5999850001874985
50 300 0.07062142570144588 1 0 0.6 0.5999850001874985
51 306 0.06415609702236497 1 0 0.6 0.5999850001874985
52 312 0.05542365388355763 1 0 0.6 0.5999850001874985
53 318 0.04290451034179018 1 0 0.6 0.5999850001874985
54 324 0.04282442058388505 1 0 0.6 0.5999850001874985
55 330 0.03519918595880963 1 0 0.6 0.5999850001874985
56 336 0.04154290735592311 1 0 0.6 0.5999850001874985
57 342 0.04786254218378055 1 0 0.6 0.5999850001874985
58 348 0.056944898163063286 1 0 0.6 0.5999850001874985
59 354 0.0652663922377544 1 0 0.6 0.5999850001874985
60 360 0.0809258012508452 1 0 0.6 0.5999850001874985
61 366 0.10252752775264916 1 0 0.6 0.5999850001874985
62 372 0.17036737932360435 1 0 0.6 0.5999850001874985
63 378 0.23908893342598522 1 0 0.6 0.5999850001874985
64 384 0.24945059650622906 1 0 0.6 0.5999850001874985
65 390 0.21817435816670389 1 0 0.6 0.5999850001874985
66 396 0.17508206220666483 1 0 0.6 0.5999850001874985
67 402 0.1419655310493851 1 0 0.6 0.5999850001874985
68 408 0.10206014683940565 1 0 0.6 0.5999850001874985
69 414 0.07756477855041273 1 0 0.6 0.5999850001874985
70 420 0.06443754800599082 1 0 0.6 0.5999850001874985
71 426 0.05343425574361076 1 0 0.6 0.5999850001874985
72 432 0.04005491635971195 1 0 0.6 0.5999850001874985
73 438 0.037200344311443874 1 0 0.6 0.5999850001874985
74 444 0.030949605035533217 1 0 0.6 0.5999850001874985
75 450 0.027029239884190214 1 0 0.6 0.5999850001874985
76 456 0.02126790876269805 1 0 0.6 0.5999850001874985
77 462 0.016325832209618536 1 0 0.6 0.5999850001874985
78 468 0.014133930562115532 1 0 0.6 0.5999850001874985
79 474 0.009991644410815946 1 0 0.6 0.5999850001874985
80 480 0.008245322315722566 1 0 0.6 0.5999850001874985
81 486 0.00773313721180282 1 0 0.6 0.5999850001874985
82 492 0.006665057952101721 1 0 0.6 0.5999850001874985
83 498 0.005626626717349937 1 0 0.6 0.5999850001874985
84 504 0.004563906150284529 1 0 0.6 0.5999850001874985
85 510 0.0036805158092724703 1 0 0.6 0.5999850001874985
86 516 0.0039033415642428754 1 0 0.6 0.5999850001874985
87 522 0.003114357415895216 1 0 0.6 0.5999850001874985
88 528 0.0028548493959607525 1 0 0.6 0.5999850001874985
89 534 0.002829144823426057 1 0 0.6 0.5999850001874985
90 540 0.0026783574450605398 1 0 0.6 0.5999850001874985
91 546 0.0022434091163262035 1 0 0.6 0.5999850001874985
92 552 0.0017224990006250156 1 0 0.6 0.5999850001874985
93 558 0.0013005749077732848 1 0 0.6 0.5999850001874985
94 564 0.0013145780517018902 1 0 0.6 0.5999850001874985
95 570 0.0009469902956100858 1 0 0.6 0.5999850001874985
96 576 0.0007784734464386634 1 0 0.6 0.5999850001874985
97 582 0.0006848462202434507 1 0 0.6 0.5999850001874985
98 588 0.0006637102814341245 1 0 0.6 0.5999850001874985
99 594 0.0004884113662466501 1 0 0.6 0.5999850001874985
100 600 0.00039605877982446284 1 0 0.6 0.5999850001874985
101 606 0.000297904789886448 1 0 0.6 0.5999850001874985
102 612 0.00022115172661969984 1 0 0.6 0.5999850001874985
103 618 0.00020249097240670165 1 0 0.6 0.5999850001874985
104 624 0.00016484199634872365 1 0 0.6 0.5999850001874985
105 630 0.00016429558007615439 1 0 0.6 0.5999850001874985
106 636 0.00013583047350757666 1 0 0.6 0.5999850001874985
107 642 0.00012658064188340163 1 0 0.6 0.5999850001874985
108 648 0.00010404816107266084 1 0 0.6 0.5999850001874985
109 654 8.385961190999355e-05 1 0 0.6 0.5999850001874985
110 660 6.433378355895628e-05 1 0 0.6 0.5999850001874985
111 666 6.483831521976116e-05 1 0 0.6 0.5999850001874985
112 672 5.44302862164956e-05 1 0 0.6 0.5999850001874985
113 678 4.5154969073184317e-05 1 0 0.6 0.5999850001874985
114 684 4.265876658460621e-05 1 0 0.6 0.5999850001874985
114 684 4.265876658460621e-05 1 0 0.6 0.5999850001874985
