% # columns="iteration, evaluation, sigma, void, void,  stds==sigma*sigma_vec.scaling*sqrt(diag(C))", seed=455498, Tue Sep  1 13:57:57 2026, <python>{}</python>
1 6 1.0975827152904716 0 0 0.5999999999999999 0.6
2 12 1.2099830693676932 0 0 0.5999999999999999 0.5999999999999999
3 18 1.5847534437463995 0 0 0.6 0.6000000000000001
4 24 1.5501956646695323 0 0 0.5609204765287953 0.5345744606580454
5 30 1.2591497375402199 0 0 0.45072314440127975 0.3949984610349113
6 36 1.304602835527451 0 0 0.4753927792508047 0.3925253479164515
7 42 1.3099088242560788 0 0 0.41926682272233445 0.41054758232139527
8 48 1.3220019520953072 0 0 0.40279555793060623 0.3961615273943933
9 54 1.214996935424291 0 0 0.3996657502443891 0.31734386934912173
10 60 1.6229186665658923 0 0 0.6 0.37317305545452245
11 66 2.7051693179183225 0 0 0.6 0.5812806999863109
12 72 3.5296900273987095 0 0 0.6000000000000001 0.6000000000000001
13 78 3.2150277674976864 0 0 0.5065212626355045 0.5198025792882618
14 84 2.579816618492847 0 0 0.395652250509478 0.3526579902301773
15 90 3.2155756584001947 0 0 0.564568979104057 0.6
16 96 2.8056224740315305 0 0 0.3831672038628578 0.4785383279846983
17 102 3.495751860082509 0 0 0.6000000000000001 0.6
18 108 2.9981633629734863 0 0 0.47785158930862076 0.5258673471391739
19 114 2.3313439675125176 0 0 0.3730936576264528 0.38997845310615886
20 120 2.051717796596252 0 0 0.30124804960451346 0.3427728668261627
21 126 1.6183330895776484 0 0 0.21149370128445225 0.258570510950278
22 132 1.5867296890992546 0 0 0.17664322870998192 0.21457974967831223
23 138 1.2377555880648505 0 0 0.13398086353219582 0.15312449833162994
24 144 1.4567489706829437 0 0 0.14103008340080558 0.15371927177101127
25 150 1.1277884206460174 0 0 0.10600442158192631 0.11677211047173901
26 156 1.1946778511104064 0 0 0.1056808134719076 0.11767925149369254
27 162 1.125454991603551 0 0 0.09155651645513298 0.10374984881663818
28 168 1.0254459310325121 0 0 0.07776092659367027 0.08884910237871611
29 174 0.8693298186564464 0 0 0.05835328484247872 0.0638432434505146
30 180 0.6850510784518233 0 0 0.04061966494904559 0.04296832220633991
31 186 0.576665551795533 0 0 0.029739172100587317 0.030678536663136437
32 192 0.44107255933292644 0 0 0.01918536026134308 0.01860525946448987
33 198 0.5238446934909547 0 0 0.02596266468307959 0.01864394080581971
34 204 0.47982020586042345 0 0 0.020164058223261675 0.01505305480408381
35 210 0.42126795848640153 0 0 0.01750053436775984 0.011278822532196373
36 216 0.36716458320494044 0 0 0.013649404451359882 0.008819046978098752
37 222 0.2715430235682672 0 0 0.008886540674630634 0.00562366120267528
38 228 0.21136164135911745 0 0 0.006223922344381513 0.003737994347136123
39 234 0.1649740704149202 0 0 0.004586490049770396 0.002294938573003387
40 240 0.127042075709719 0 0 0.0033227302958984558 0.001430061438496724
41 246 0.09567475259680658 0 0 0.0022196969957308504 0.0008954929852169477
42 252 0.07853154247894598 0 0 0.0017137152151338695 0.0006387162890094433
43 258 0.0835154276517917 0 0 0.0019144646063090412 0.0005983636190599562
44 264 0.0821402689187245 0 0 0.001946109541256484 0.0004953677060750235
45 270 0.0722405062451394 0 0 0.0015855841985492523 0.000382863308402962
46 276 0.09440457918297793 0 0 0.002516787381646276 0.0005140541911081764
47 282 0.10896747656174727 0 0 0.0029645150775901115 0.0005598095099352629
48 288 0.10464560310497673 0 0 0.0026935938364182873 0.0005177864385649114
49 294 0.09994188780334562 0 0 0.002241722103215395 0.0004378620759751214
50 300 0.07560755948403153 0 0 0.0014314093613784354 0.00030965301164662546
51 306 0.05778922978333893 0 0 0.0010644502159916458 0.00019368678270217278
52 312 0.0514406776763392 0 0 0.0009198555181785605 0.00014808373627315692
53 318 0.06169113973911732 0 0 0.0012067092451324734 0.00017082413351745225
54 324 0.047229419205498106 0 0 0.0007661551760745152 0.00012124771037214884
55 330 0.038090914059409606 0 0 0.0005563618117190128 8.614558604461043e-05
56 336 0.033194014039000456 0 0 0.00046113724150615007 6.355419414966844e-05
57 342 0.026879222657455643 0 0 0.0002922918650006311 5.0899344896855835e-05
58 348 0.01907455655858232 0 0 0.00018836279802361995 3.042319590670191e-05
59 354 0.014656079292913363 0 0 0.00012886866243905074 2.025580444127266e-05
60 360 0.011711617236262645 0 0 8.485327712707851e-05 1.613005548153664e-05
61 366 0.0110493602938087 0 0 7.530673515801415e-05 1.4704503357175511e-05
62 372 0.012789396170486042 0 0 0.0001101557870146601 1.3374688021885281e-05
63 378 0.010148631525471807 0 0 7.138186554410376e-05 1.0035141982728232e-05
64 384 0.009004114754064731 0 0 5.283848778604571e-05 8.850543259952598e-06
65 390 0.006832737737545694 0 0 3.454034533752898e-05 6.115622315751877e-06
66 396 0.005747759952687302 0 0 2.7060685377576987e-05 4.507824716703808e-06
67 402 0.006427371562217778 0 0 3.4204909534686796e-05 4.268623083390434e-06
68 408 0.00773639919532729 0 0 4.006050586623846e-05 5.8202796743120255e-06
69 414 0.007988312550575784 0 0 4.528434750024468e-05 6.30412344715839e-06
70 420 0.00667773754627219 0 0 3.4657317200813884e-05 4.399655304626159e-06
71 426 0.005071727980376431 0 0 2.1627630152790325e-05 3.193318499486552e-06
72 432 0.005119649140791074 0 0 2.1291502273020704e-05 3.4631327886013467e-06
73 438 0.0041329915633380185 0 0 1.4053171263284588e-05 2.397323646909375e-06
74 444 0.0037365095693009573 0 0 1.0557282880260368e-05 1.9486754706903452e-06
75 450 0.0029427384040876963 0 0 7.984663942767586e-06 1.2341982487282956e-06
76 456 0.002211004089912332 0 0 5.367894785994981e-06 7.662830298551678e-07
77 462 0.001728584046397584 0 0 3.3362665551133394e-06 5.718203701720444e-07
78 468 0.0012779548101266277 0 0 2.120247843638067e-06 3.7714737652511693e-07
79 474 0.0011198004636789975 0 0 1.7400075711123484e-06 2.957236828740106e-07
80 480 0.0009170731554201453 0 0 1.1201438574182001e-06 2.392030619496821e-07
81 486 0.0007828472342392962 0 0 9.329901187359672e-07 1.7249512580159533e-07
82 492 0.0006027529050928983 0 0 5.9122077732632e-07 1.2686817701018316e-07
83 498 0.0004588661584289795 0 0 4.076946146549332e-07 8.175298647919639e-08
84 504 0.0004340591412077467 0 0 3.67009246647346e-07 7.490353301651358e-08
85 510 0.000398841518418679 0 0 3.1214600132061605e-07 6.316364052232399e-08
86 516 0.00037030996086713703 0 0 2.57829522924762e-07 5.478391348132865e-08
87 522 0.00026912446111847043 0 0 1.5844181652713455e-07 3.6755993116876123e-08
88 528 0.00021261505733925995 0 0 1.1156739049051298e-07 2.5569103381443065e-08
89 534 0.00020422014235234946 0 0 1.0913900928395358e-07 2.2040197356986854e-08
90 540 0.0001620824209497722 0 0 7.880999855632266e-08 1.5004754005658285e-08
91 546 0.00013979594314405568 0 0 6.196088934001775e-08 1.0906211238134728e-08
92 552 0.00012787274953460722 0 0 4.5699903716786436e-08 1.0141741506775858e-08
93 558 0.0001551108057265659 0 0 6.376085470621775e-08 1.1650952270617196e-08
94 564 0.00016832601249831602 0 0 7.125691425516062e-08 1.139141591551247e-08
95 570 0.0001672106393190436 0 0 6.817562092086795e-08 1.0259891117554682e-08
96 576 0.00012875897508801112 0 0 4.8547753932953584e-08 6.921440325240147e-09
96 576 0.00012875897508801112 0 0 4.8547753932953584e-08 6.921440325240147e-09
