% # columns="iteration, evaluation, void, void, void, xmean", seed=455498, Tue Sep  1 13:57:57 2026, <python>{}</python> # scaling_of_variables: 1, typical_x: 0
1 6 0 0 0 0.5381889928707698 0.49767508218496004
2 12 0 0 0 -0.3658462006296096 0.33491219011212053
3 18 0 0 0 0.05038958232450389 1.2819260089623907
4 24 0 0 0 0.16565601982509787 1.4062570297938446
5 30 0 0 0 0.11827164754445102 1.0026436396732632
6 36 0 0 0 -0.20284981205184985 1.2392043960669694
7 42 0 0 0 -0.10598684980682853 1.5096161109455013
8 48 0 0 0 -0.48042564862657233 1.3695283619342171
9 54 0 0 0 -0.08126461629793576 1.60302270471689
10 60 0 0 0 0.40104647058644594 1.4961368505038053
11 66 0 0 0 1.1719678987839983 1.3548371943356028
12 72 0 0 0 1.4005828695400853 1.04018039761108
13 78 0 0 0 0.9259356514759132 0.8186876560810582
14 84 0 0 0 0.7860468116461348 0.9065550188990894
15 90 0 0 0 1.3100875139950008 1.37898295375725
16 96 0 0 0 1.1905591161905629 1.3627278669703915
17 102 0 0 0 0.6018053828930672 0.597384227195621
18 108 0 0 0 0.9920228797118981 1.1798759839852575
19 114 0 0 0 1.1269949008069418 1.245145384582512
20 120 0 0 0 0.9048934696615263 0.9649767883305528
21 126 0 0 0 1.065311278048616 1.1686277522006663
22 132 0 0 0 1.0125969368459224 1.1861697843107408
23 138 0 0 0 0.9789451044782689 1.1302409773101627
24 144 0 0 0 0.9527663313622925 1.1760358667546749
25 150 0 0 0 0.9366737150058375 1.1221043029564723
26 156 0 0 0 0.8972920540154756 1.1289946435479457
27 162 0 0 0 0.849504003512997 1.0832342362508618
28 168 0 0 0 0.8808821151139898 1.0721565929251842
29 174 0 0 0 0.9085845523922222 1.0976921758975227
30 180 0 0 0 0.8827328755555995 1.0718506549646492
31 186 0 0 0 0.8687233857091504 1.0659224772378324
32 192 0 0 0 0.867044808112644 1.0625431738049647
33 198 0 0 0 0.8481754646993863 1.0601308461534373
34 204 0 0 0 0.8441685312314362 1.0579789956904184
35 210 0 0 0 0.8596420236297513 1.0681570071095525
36 216 0 0 0 0.8568059788524427 1.0602893895100387
37 222 0 0 0 0.8565053109281036 1.0608516876750627
38 228 0 0 0 0.8570658865500718 1.0599659234262977
39 234 0 0 0 0.8551586640820095 1.0602422695283091
40 240 0 0 0 0.8545014757042831 1.0601593629686088
41 246 0 0 0 0.8554178687635412 1.0604319173736887
42 252 0 0 0 0.8556898013629826 1.0600367044360635
43 258 0 0 0 0.8542814832572108 1.0605301312491449
44 264 0 0 0 0.8531416222753873 1.0603215805081985
45 270 0 0 0 0.8527538970344934 1.060203439469423
46 276 0 0 0 0.8507216598509096 1.0598831288948314
47 282 0 0 0 0.8492684609030154 1.0596458135233626
48 288 0 0 0 0.8492490230651656 1.0601159039082981
49 294 0 0 0 0.8480637197236096 1.0601263570290034
50 300 0 0 0 0.8486549968294248 1.0599622736599337
51 306 0 0 0 0.8484187113510206 1.0600350489688786
52 312 0 0 0 0.8491767263670359 1.0600233455757182
53 318 0 0 0 0.8501023150215512 1.0599666336274765
54 324 0 0 0 0.8496749755019829 1.0599895383946791
55 330 0 0 0 0.8498645699343247 1.0600228096248299
56 336 0 0 0 0.8501219781229898 1.0600151513363785
57 342 0 0 0 0.8500733363573738 1.059989741489559
58 348 0 0 0 0.8500704743148123 1.0599982064444655
59 354 0 0 0 0.8500514903123184 1.0600056433100202
60 360 0 0 0 0.8500341101743839 1.060010239370346
61 366 0 0 0 0.8500780792544003 1.0599959580980216
62 372 0 0 0 0.8499631284324285 1.0599994053245403
63 378 0 0 0 0.8499952138938374 1.0599979011244032
64 384 0 0 0 0.8499668543302473 1.0599952654943852
65 390 0 0 0 0.8499732698889326 1.0599947819028592
66 396 0 0 0 0.8499637892836811 1.0599981389802438
67 402 0 0 0 0.8499946269610243 1.0599992324094687
68 408 0 0 0 0.8499716510226637 1.0600042077052874
69 414 0 0 0 0.850016560543283 1.0599973568960424
70 420 0 0 0 0.8500172971165112 1.0599968844143919
71 426 0 0 0 0.8500182397211109 1.0599975182889736
72 432 0 0 0 0.8500037468185448 1.0600007586737552
73 438 0 0 0 0.8500058954478228 1.0600005924779816
74 444 0 0 0 0.8500024713575559 1.0599993824808307
75 450 0 0 0 0.8500003750894302 1.0599999590190898
76 456 0 0 0 0.8500014610964286 1.0600001547219295
77 462 0 0 0 0.849999954801451 1.0600000321495266
78 468 0 0 0 0.8499998031231412 1.0600000658256996
79 474 0 0 0 0.8499997444848378 1.059999839428971
80 480 0 0 0 0.8500001696223393 1.0600000203451854
81 486 0 0 0 0.8499998448365448 1.059999855999575
82 492 0 0 0 0.8499998542729188 1.059999938676183
83 498 0 0 0 0.8499997330258943 1.0599999263032982
84 504 0 0 0 0.8500000796627111 1.059999965892358
85 510 0 0 0 0.8499998065149 1.0599999820713855
86 516 0 0 0 0.8499997032566023 1.0599999987812063
87 522 0 0 0 0.8499997896713476 1.0599999840979362
88 528 0 0 0 0.8499998206463981 1.0599999939154001
89 534 0 0 0 0.8499998900441664 1.0600000054071599
90 540 0 0 0 0.8499998750643645 1.060000006620593
91 546 0 0 0 0.8499999140305818 1.0600000063152877
92 552 0 0 0 0.849999907323429 1.0599999987501647
93 558 0 0 0 0.8499999668714698 1.0599999970291072
94 564 0 0 0 0.8500000052577228 1.0599999991999394
95 570 0 0 0 0.8500000108494131 1.0600000072346165
96 576 0 0 0 0.8499999814402278 1.0600000019116333
96 576 0 0 0 0.8499999814402278 1.0600000019116333
