% # columns="iter, evals, sigma, 0, fitness, xbest" seed=455498, Tue Sep  1 13:57:57 2026, <python>{}</python>
1 6 1.0975827152904716 0 0.20428538196108867 0.6041143197211798 0.3867623460009503
2 12 1.2099830693676932 0 2.4997523168388476 -0.5680512115551662 0.34292266184353726
3 18 1.5847534437463995 0 3.1908314770694206 0.39975726876130635 0.3280479655890254
4 24 1.5501956646695323 0 1.5405038139974792 -0.02076358611307972 0.07103888212074638
5 30 1.2591497375402199 0 1.5296140129731084 0.629091461366556 0.5137408483652389
6 36 1.304602835527451 0 2.057929973217213 -0.0457113381161722 0.10029430078435952
7 42 1.3099088242560788 0 1.8548491682246406 0.11865801994841166 0.11791062102424665
8 48 1.3220019520953072 0 2.545280539686452 -0.575438761251667 0.3562839424020777
9 54 1.214996935424291 0 1.3301493726076687 0.08617853922283081 0.0777886415655451
10 60 1.6229186665658923 0 0.7198987242520347 0.46721425821272217 0.28432234243432797
11 66 2.7051693179183225 0 0.2210380441376264 0.683221628141202 0.4320513977591548
12 72 3.5296900273987095 0 2.2660174360559657 0.7532612497064398 0.7158995616322054
13 78 3.2150277674976864 0 0.13776433516263797 0.7976297612343783 0.6050988307217054
14 84 2.579816618492847 0 0.5638442747676482 0.7955921151727302 0.5607129770526255
15 90 3.2155756584001947 0 4.839755877498814 -0.10587729868326456 -0.1789686314853811
16 96 2.8056224740315305 0 0.4310219215969277 0.36871792656933844 0.11792380363813959
17 102 3.495751860082509 0 1.7292341227352406 0.5258320865184449 0.39915332373443746
18 108 2.9981633629734863 0 0.6298629480045614 0.6826384891413956 0.5387376342485334
19 114 2.3313439675125176 0 0.39912828144001994 0.3719091484366256 0.14512094525689445
20 120 2.051717796596252 0 2.491782590430208 0.7038912303397663 0.6505145389857344
21 126 1.6183330895776484 0 1.3989832965079914 0.6994763064181225 0.6036641664064842
22 132 1.5867296890992546 0 0.06141713159475464 0.7623156828540031 0.5741085793594894
23 138 1.2377555880648505 0 0.6085260521352899 0.6733782804984013 0.5242792787479859
24 144 1.4567489706829437 0 0.1877887350329906 0.736907836963944 0.5085989840188484
25 150 1.1277884206460174 0 0.12413071190285352 0.7927335580411938 0.599935910698466
26 156 1.1946778511104064 0 0.12443411383339087 0.799982210525245 0.6109152129352661
27 162 1.125454991603551 0 0.042504285760241546 0.7939314750250833 0.6309600280495332
28 168 1.0254459310325121 0 0.047120775524101155 0.7835169895187085 0.6154985031250458
29 174 0.8693298186564464 0 0.050741832404009785 0.7853954479076769 0.6100000482844937
30 180 0.6850510784518233 0 0.04682324721461402 0.7953571476414794 0.625561242740318
31 186 0.576665551795533 0 0.050307918952148034 0.7999881686608294 0.6501315312067796
32 192 0.44107255933292644 0 0.040571953195648366 0.798913837643229 0.6370958076469558
33 198 0.5238446934909547 0 0.04073732851004699 0.7996935113843598 0.6419889038098804
34 204 0.47982020586042345 0 0.05705143368784489 0.799689483892019 0.6525137013953103
35 210 0.42126795848640153 0 0.043795928618682076 0.7998780696270087 0.6336835362299941
36 216 0.36716458320494044 0 0.041448230334930024 0.7998738185281058 0.6435367641216198
37 222 0.2715430235682672 0 0.040099954191288874 0.799857509578822 0.6391167668351888
38 228 0.21136164135911745 0 0.0403162046924993 0.7997679234268973 0.6411231215316534
39 234 0.1649740704149202 0 0.040097550180282535 0.799995391189564 0.6409709236035094
40 240 0.127042075709719 0 0.040004911868699325 0.7999878421334489 0.6399585079912017
41 246 0.09567475259680658 0 0.04006569048214257 0.799835841240674 0.6397379235137396
42 252 0.07853154247894598 0 0.040073965013181306 0.7998271695296315 0.6399426575610462
43 258 0.0835154276517917 0 0.04004876112066912 0.7999079407465932 0.639507330629914
44 264 0.0821402689187245 0 0.04002267600132876 0.7999581559645755 0.6396893991603386
45 270 0.0722405062451394 0 0.040015047210414274 0.7999664052993121 0.639819434721343
46 276 0.09440457918297793 0 0.04000029171331833 0.7999994025188931 0.6400220049797377
47 282 0.10896747656174727 0 0.040013051549608616 0.7999993814470704 0.6403568388787554
48 288 0.10464560310497673 0 0.0400037570953628 0.7999979968325764 0.6398248698250925
49 294 0.09994188780334562 0 0.040007035523920535 0.7999875091900106 0.6398372197654282
50 300 0.07560755948403153 0 0.04000138050656199 0.7999965646669597 0.6400024794079399
51 306 0.05778922978333893 0 0.04000892615412597 0.7999834398329395 0.6398217867349315
52 312 0.0514406776763392 0 0.04000140999617858 0.79999653814608 0.6399785731175508
53 318 0.06169113973911732 0 0.040000946365462364 0.7999993158754162 0.640080924616005
54 324 0.047229419205498106 0 0.040000015756010546 0.7999999606290378 0.6399996608887425
55 330 0.038090914059409606 0 0.04000018519030309 0.7999997065014602 0.6399734937357678
56 336 0.033194014039000456 0 0.04000003709179469 0.7999999941603305 0.639981347715005
57 342 0.026879222657455643 0 0.04000001675894692 0.7999999583213481 0.6400008686451722
58 348 0.01907455655858232 0 0.04000000378308481 0.7999999993767652 0.639994054433109
59 354 0.014656079292913363 0 0.04000000124539813 0.7999999999340486 0.6399965084512805
60 360 0.011711617236262645 0 0.04000005122241824 0.7999999999293853 0.6399773737577935
61 366 0.0110493602938087 0 0.040000015548217055 0.7999999620061584 0.64000181185232
62 372 0.012789396170486042 0 0.04000000286841135 0.7999999930356553 0.6400008981062432
63 378 0.010148631525471807 0 0.040000004799563234 0.7999999946203733 0.6400051369853964
64 384 0.009004114754064731 0 0.040000010606089036 0.7999999966294434 0.640009616387817
65 390 0.006832737737545694 0 0.04000000461379888 0.7999999990059559 0.6400064916223139
66 396 0.005747759952687302 0 0.04000000282480685 0.7999999935425196 0.640001544707084
67 402 0.006427371562217778 0 0.04000000090025863 0.7999999999227541 0.6400029483679862
68 408 0.00773639919532729 0 0.04000000377176753 0.7999999951278163 0.639995722668213
69 414 0.007988312550575784 0 0.040000003691793726 0.7999999996671394 0.6400059649091464
70 420 0.00667773754627219 0 0.04000000299714134 0.7999999943774043 0.6400027261510731
71 426 0.005071727980376431 0 0.04000000077416013 0.7999999986675139 0.6400015508190772
72 432 0.005119649140791074 0 0.04000000005498647 0.7999999999827139 0.6399993066324593
73 438 0.0041329915633380185 0 0.04000000010006337 0.799999999774672 0.6399996844863348
74 444 0.0037365095693009573 0 0.04000000038025241 0.7999999998619478 0.6400018026422062
75 450 0.0029427384040876963 0 0.04000000002882972 0.7999999999831058 0.6400004697817424
76 456 0.002211004089912332 0 0.04000000001330801 0.7999999999908068 0.6399996896507846
77 462 0.001728584046397584 0 0.04000000000475325 0.7999999999931028 0.6399998587671373
78 468 0.0012779548101266277 0 0.04000000000033744 0.7999999999996339 0.6400000437021015
79 474 0.0011198004636789975 0 0.040000000001916496 0.7999999999988057 0.6400001199464335
80 480 0.0009170731554201453 0 0.04000000000126196 0.7999999999995729 0.6399998955418272
81 486 0.0007828472342392962 0 0.0400000000017449 0.7999999999998672 0.6400001300674726
82 492 0.0006027529050928983 0 0.0400000000000361 0.8 0.6400000190045975
83 498 0.0004588661584289795 0 0.040000000000458634 0.799999999999843 0.640000062913508
84 504 0.0004340591412077467 0 0.040000000000077404 0.7999999999999893 0.6400000270396421
85 510 0.000398841518418679 0 0.0400000000004471 0.7999999999995806 0.6400000528518167
86 516 0.00037030996086713703 0 0.040000000000105014 0.7999999999997385 0.639999997999963
87 522 0.00026912446111847043 0 0.040000000000145745 0.7999999999996853 0.640000014094641
88 528 0.00021261505733925995 0 0.04000000000005123 0.7999999999998723 0.6400000011364341
89 534 0.00020422014235234946 0 0.0400000000000164 0.7999999999999594 0.6400000012550279
90 540 0.0001620824209497722 0 0.04000000000004291 0.7999999999998928 0.6399999994921374
91 546 0.00013979594314405568 0 0.04000000000000938 0.7999999999999832 0.6399999948497971
92 552 0.00012787274953460722 0 0.04000000000002103 0.799999999999956 0.6400000058476788
93 558 0.0001551108057265659 0 0.04000000000000343 0.7999999999999978 0.6400000050631437
94 564 0.00016832601249831602 0 0.04000000000000016 0.7999999999999998 0.6400000009519368
95 570 0.0001672106393190436 0 0.04000000000000376 0.7999999999999996 0.6399999940017841
96 576 0.00012875897508801112 0 0.040000000000000396 0.8 0.6399999979586953
96 576 0.00012875897508801112 0 0.040000000000000396 0.8 0.6399999979586953
