% # columns="iteration, evaluation, min max(neg(.)) min(pos(.)) max correlation, correlation matrix principal axes lengths  (sorted square roots of eigenvalues of correlation matrix)", seed=201652, Tue Aug 18 12:09:18 2026
1 6 0.009583191179346633 0.009583191179346633 0.009583191179346633 0.009583191179346633 0.9951968693784428 1.0047801705743136
2 12 -0.010603670500662708 -0.010603670500662708 -0.010603670500662708 -0.010603670500662708 0.9951968693784428 1.0047801705743136
3 18 0.4548669577295727 0.4548669577295727 0.4548669577295727 0.4548669577295727 0.7383312551087265 1.2061786591254102
4 24 0.3247754163507021 0.3247754163507021 0.3247754163507021 0.3247754163507021 0.7383312551087265 1.2061786591254102
5 30 0.313156061485213 0.313156061485213 0.313156061485213 0.313156061485213 0.8287604832005365 1.1459302166734295
6 36 0.488736016573534 0.488736016573534 0.488736016573534 0.488736016573534 0.8287604832005365 1.1459302166734295
7 42 0.4729903051477344 0.4729903051477344 0.4729903051477344 0.4729903051477344 0.7259543338614803 1.21366811985309
8 48 0.4985475435896314 0.4985475435896314 0.4985475435896314 0.4985475435896314 0.7259543338614803 1.21366811985309
9 54 0.618279573963953 0.618279573963953 0.618279573963953 0.618279573963953 0.6178352741921158 1.2721161794285745
10 60 0.5597133402262775 0.5597133402262775 0.5597133402262775 0.5597133402262775 0.6178352741921158 1.2721161794285745
11 66 0.5875040546821358 0.5875040546821358 0.5875040546821358 0.5875040546821358 0.642258472359738 1.2599619258859118
12 72 0.5388365661807432 0.5388365661807432 0.5388365661807432 0.5388365661807432 0.642258472359738 1.2599619258859118
13 78 0.562313663049007 0.562313663049007 0.562313663049007 0.562313663049007 0.6615786702660484 1.249925462997297
14 84 0.5214795665519327 0.5214795665519327 0.5214795665519327 0.5214795665519327 0.6615786702660484 1.249925462997297
15 90 0.6246031946871315 0.6246031946871315 0.6246031946871315 0.6246031946871315 0.612696340215011 1.2745992290469705
16 96 0.68034268448291 0.68034268448291 0.68034268448291 0.68034268448291 0.612696340215011 1.2745992290469705
17 102 0.7981287201721174 0.7981287201721174 0.7981287201721174 0.7981287201721174 0.4493008789529379 1.3409432203386231
18 108 0.8296876328481573 0.8296876328481573 0.8296876328481573 0.8296876328481573 0.4493008789529379 1.3409432203386231
19 114 0.8678723469844559 0.8678723469844559 0.8678723469844559 0.8678723469844559 0.36349367672016514 1.3667012647189787
20 120 0.898052370565025 0.898052370565025 0.898052370565025 0.898052370565025 0.36349367672016514 1.3667012647189787
21 126 0.9136276079707334 0.9136276079707334 0.9136276079707334 0.9136276079707334 0.29389180326995645 1.383339296040828
22 132 0.91804195175963 0.91804195175963 0.91804195175963 0.91804195175963 0.29389180326995645 1.383339296040828
23 138 0.9353759136178027 0.9353759136178027 0.9353759136178027 0.9353759136178027 0.25421267942846043 1.391177887122205
24 144 0.9640679395479355 0.9640679395479355 0.9640679395479355 0.9640679395479355 0.25421267942846043 1.391177887122205
25 150 0.9765415183766344 0.9765415183766344 0.9765415183766344 0.9765415183766344 0.15316161928944808 1.4058952729050036
26 156 0.972128497603772 0.972128497603772 0.972128497603772 0.972128497603772 0.15316161928944808 1.4058952729050036
27 162 0.9848739446436081 0.9848739446436081 0.9848739446436081 0.9848739446436081 0.1229880293215229 1.4088555442782655
28 168 0.980783306202846 0.980783306202846 0.980783306202846 0.980783306202846 0.1229880293215229 1.4088555442782655
29 174 0.9800679287094054 0.9800679287094054 0.9800679287094054 0.9800679287094054 0.14118098770937446 1.4071488651558532
30 180 0.9798575168038944 0.9798575168038944 0.9798575168038944 0.9798575168038944 0.14118098770937446 1.4071488651558532
31 186 0.9862964511165835 0.9862964511165835 0.9862964511165835 0.9862964511165835 0.1170621582041636 1.4093602985456144
32 192 0.9875264119462883 0.9875264119462883 0.9875264119462883 0.9875264119462883 0.1170621582041636 1.4093602985456144
33 198 0.9863159032261821 0.9863159032261821 0.9863159032261821 0.9863159032261821 0.11697904416525964 1.4093671995708508
34 204 0.9846711564907586 0.9846711564907586 0.9846711564907586 0.9846711564907586 0.11697904416525964 1.4093671995708508
35 210 0.9779717527419424 0.9779717527419424 0.9779717527419424 0.9779717527419424 0.14841916068371275 1.406403837004842
36 216 0.969997181875829 0.969997181875829 0.969997181875829 0.969997181875829 0.14841916068371275 1.406403837004842
37 222 0.9685363932847577 0.9685363932847577 0.9685363932847577 0.9685363932847577 0.1773798373977218 1.4030453995807683
38 228 0.967984658893989 0.967984658893989 0.967984658893989 0.967984658893989 0.1773798373977218 1.4030453995807683
39 234 0.9622166049011183 0.9622166049011183 0.9622166049011183 0.9622166049011183 0.19437951306370171 1.4007914209121637
40 240 0.952839493896744 0.952839493896744 0.952839493896744 0.952839493896744 0.19437951306370171 1.4007914209121637
41 246 0.9422187673819097 0.9422187673819097 0.9422187673819097 0.9422187673819097 0.24037727142575338 1.3936350911848874
42 252 0.9235428615048498 0.9235428615048498 0.9235428615048498 0.9235428615048498 0.24037727142575338 1.3936350911848874
43 258 0.8763566074613719 0.8763566074613719 0.8763566074613719 0.8763566074613719 0.3516296240913557 1.3698016671990774
44 264 0.926127864139162 0.926127864139162 0.926127864139162 0.926127864139162 0.3516296240913557 1.3698016671990774
45 270 0.9031921201204226 0.9031921201204226 0.9031921201204226 0.9031921201204226 0.3111396469104787 1.379562292946724
46 276 0.9081421625341116 0.9081421625341116 0.9081421625341116 0.9081421625341116 0.3111396469104787 1.379562292946724
47 282 0.9212365741650517 0.9212365741650517 0.9212365741650517 0.9212365741650517 0.2806482243573767 1.3860867844998204
48 288 0.9452628215315007 0.9452628215315007 0.9452628215315007 0.9452628215315007 0.2806482243573767 1.3860867844998204
49 294 0.9160344045975728 0.9160344045975728 0.9160344045975728 0.9160344045975728 0.2897681752753868 1.3842089454260773
50 300 0.906528830615018 0.906528830615018 0.906528830615018 0.906528830615018 0.2897681752753868 1.3842089454260773
51 306 0.9189399365656516 0.9189399365656516 0.9189399365656516 0.9189399365656516 0.2847104905590035 1.3852580757987487
52 312 0.9026727957929449 0.9026727957929449 0.9026727957929449 0.9026727957929449 0.2847104905590035 1.3852580757987487
53 318 0.7883300839669357 0.7883300839669357 0.7883300839669357 0.7883300839669357 0.4600759894116017 1.3372845934829787
54 324 0.7478552259461987 0.7478552259461987 0.7478552259461987 0.7478552259461987 0.4600759894116017 1.3372845934829787
55 330 0.5946294978741894 0.5946294978741894 0.5946294978741894 0.5946294978741894 0.6366871304854612 1.2627864023160011
56 336 0.45570994768246786 0.45570994768246786 0.45570994768246786 0.45570994768246786 0.6366871304854612 1.2627864023160011
57 342 0.3649056228581055 0.3649056228581055 0.3649056228581055 0.3649056228581055 0.796928087810873 1.1682917541684978
58 348 0.3866377799554232 0.3866377799554232 0.3866377799554232 0.3866377799554232 0.796928087810873 1.1682917541684978
59 354 0.21185557164451338 0.21185557164451338 0.21185557164451338 0.21185557164451338 0.8877749874576816 1.1008431185434704
60 360 0.0018952035348443431 0.0018952035348443431 0.0018952035348443431 0.0018952035348443431 0.8877749874576816 1.1008431185434704
61 366 0.05592962680559754 0.05592962680559754 0.05592962680559754 0.05592962680559754 0.9716328386764223 1.0275843648117644
62 372 -0.03155345124501186 -0.03155345124501186 -0.03155345124501186 -0.03155345124501186 0.9716328386764223 1.0275843648117644
63 378 -0.22245554500194817 -0.22245554500194817 -0.22245554500194817 -0.22245554500194817 0.8817848121838184 1.1056471159470131
64 384 -0.317251318953038 -0.317251318953038 -0.317251318953038 -0.317251318953038 0.8817848121838184 1.1056471159470131
65 390 -0.14968133207359882 -0.14968133207359882 -0.14968133207359882 -0.14968133207359882 0.9221272514823545 1.0722319394951816
66 396 -0.2543387149696517 -0.2543387149696517 -0.2543387149696517 -0.2543387149696517 0.9221272514823545 1.0722319394951816
67 402 -0.13347027945887796 -0.13347027945887796 -0.13347027945887796 -0.13347027945887796 0.9308757814773795 1.0646456121446601
68 408 -0.19056682873749106 -0.19056682873749106 -0.19056682873749106 -0.19056682873749106 0.9308757814773795 1.0646456121446601
69 414 0.004516816744602679 0.004516816744602679 0.004516816744602679 0.004516816744602679 0.9977390356477979 1.0022558639113082
70 420 -0.14325111390617867 -0.14325111390617867 -0.14325111390617867 -0.14325111390617867 0.9977390356477979 1.0022558639113082
71 426 -0.1030272303331863 -0.1030272303331863 -0.1030272303331863 -0.1030272303331863 0.94708646366993 1.0502510320552827
72 432 -0.15562580097515022 -0.15562580097515022 -0.15562580097515022 -0.15562580097515022 0.94708646366993 1.0502510320552827
73 438 -0.003959980503752145 -0.003959980503752145 -0.003959980503752145 -0.003959980503752145 0.998018045676654 1.0019780339427367
74 444 -0.0002850589736871373 -0.0002850589736871373 -0.0002850589736871373 -0.0002850589736871373 0.998018045676654 1.0019780339427367
75 450 0.18536007889879752 0.18536007889879752 0.18536007889879752 0.18536007889879752 0.9025740529736066 1.088742430007574
76 456 0.1822382978575503 0.1822382978575503 0.1822382978575503 0.1822382978575503 0.9025740529736066 1.088742430007574
77 462 0.18196288431567084 0.18196288431567084 0.18196288431567084 0.18196288431567084 0.9044540428813005 1.087181164441176
78 468 0.1762210193739897 0.1762210193739897 0.1762210193739897 0.1762210193739897 0.9044540428813005 1.087181164441176
79 474 -0.12308478500195631 -0.12308478500195631 -0.12308478500195631 -0.12308478500195631 0.936437512596566 1.059756946191888
80 480 0.018985626146774084 0.018985626146774084 0.018985626146774084 0.018985626146774084 0.936437512596566 1.059756946191888
81 486 0.07692534268589601 0.07692534268589601 0.07692534268589601 0.07692534268589601 0.9607677436894435 1.0377501349968095
82 492 -0.012037748392793679 -0.012037748392793679 -0.012037748392793679 -0.012037748392793679 0.9607677436894435 1.0377501349968095
83 498 -0.09637482777204873 -0.09637482777204873 -0.09637482777204873 -0.09637482777204873 0.9505920114475774 1.0470791888735296
84 504 0.009158770933216147 0.009158770933216147 0.009158770933216147 0.009158770933216147 0.9505920114475774 1.0470791888735296
85 510 0.15028351575326349 0.15028351575326349 0.15028351575326349 0.15028351575326349 0.9218006749003477 1.0725127112315562
86 516 -0.046282164894020004 -0.046282164894020004 -0.046282164894020004 -0.046282164894020004 0.9218006749003477 1.0725127112315562
87 522 0.10963446430008345 0.10963446430008345 0.10963446430008345 0.10963446430008345 0.9435918268509518 1.0533918854348954
88 528 0.215960223196774 0.215960223196774 0.215960223196774 0.215960223196774 0.9435918268509518 1.0533918854348954
89 534 0.0194347112168928 0.0194347112168928 0.0194347112168928 0.0194347112168928 0.9902349664514514 1.0096705954007439
90 540 0.020864833860785623 0.020864833860785623 0.020864833860785623 0.020864833860785623 0.9902349664514514 1.0096705954007439
91 546 0.02226748425878007 0.02226748425878007 0.02226748425878007 0.02226748425878007 0.9888035779371046 1.0110724426364215
92 552 0.006840006988596749 0.006840006988596749 0.006840006988596749 0.006840006988596749 0.9888035779371046 1.0110724426364215
93 558 -0.11803259751500275 -0.11803259751500275 -0.11803259751500275 -0.11803259751500275 0.939131195565879 1.0573706055659968
94 564 -0.19907529843057614 -0.19907529843057614 -0.19907529843057614 -0.19907529843057614 0.939131195565879 1.0573706055659968
95 570 -0.28531388433455396 -0.28531388433455396 -0.28531388433455396 -0.28531388433455396 0.8453911021920245 1.1337168448667216
96 576 -0.22092764976191656 -0.22092764976191656 -0.22092764976191656 -0.22092764976191656 0.8453911021920245 1.1337168448667216
97 582 -0.15747610218110342 -0.15747610218110342 -0.15747610218110342 -0.15747610218110342 0.9178910054134405 1.0758606332518648
98 588 -0.2368357455183163 -0.2368357455183163 -0.2368357455183163 -0.2368357455183163 0.9178910054134405 1.0758606332518648
99 594 -0.2996618454001658 -0.2996618454001658 -0.2996618454001658 -0.2996618454001658 0.8368620881601901 1.1400271248528107
100 600 -0.4871826001769474 -0.4871826001769474 -0.4871826001769474 -0.4871826001769474 0.8368620881601901 1.1400271248528107
101 606 -0.45025633328257486 -0.45025633328257486 -0.45025633328257486 -0.45025633328257486 0.7414470087048874 1.2042658897779075
102 612 -0.5261789424174015 -0.5261789424174015 -0.5261789424174015 -0.5261789424174015 0.7414470087048874 1.2042658897779075
103 618 -0.5242792017037269 -0.5242792017037269 -0.5242792017037269 -0.5242792017037269 0.6897251614203103 1.234617026329917
104 624 -0.46191248622523373 -0.46191248622523373 -0.46191248622523373 -0.46191248622523373 0.6897251614203103 1.234617026329917
105 630 -0.5299320828796318 -0.5299320828796318 -0.5299320828796318 -0.5299320828796318 0.6856149919016999 1.2369042335118883
106 636 -0.6164769247766937 -0.6164769247766937 -0.6164769247766937 -0.6164769247766937 0.6856149919016999 1.2369042335118883
107 642 -0.6557478131429011 -0.6557478131429011 -0.6557478131429011 -0.6557478131429011 0.5867300800684236 1.2867586460338631
108 648 -0.738173463585491 -0.738173463585491 -0.738173463585491 -0.738173463585491 0.5867300800684236 1.2867586460338631
109 654 -0.723205608353633 -0.723205608353633 -0.723205608353633 -0.723205608353633 0.5261125275512522 1.3127092626905752
110 660 -0.6409879655294521 -0.6409879655294521 -0.6409879655294521 -0.6409879655294521 0.5261125275512522 1.3127092626905752
111 666 -0.6823393173445226 -0.6823393173445226 -0.6823393173445226 -0.6823393173445226 0.5636139482442547 1.297050237016486
111 666 -0.6823393173445226 -0.6823393173445226 -0.6823393173445226 -0.6823393173445226 0.5636139482442547 1.297050237016486
