% # columns="iteration, evaluation, sigma, beta, void,  sigvec==sigma_vec.scaling factors from diagonal decoding", seed=934814, Mon Sep  7 08:26:04 2026, <python>{}</python>
1 6 0.7392785507247972 1 0 0.6 0.5999850001874985
2 12 0.5323572646684335 1 0 0.6 0.5999850001874985
3 18 0.5848094543140208 1 0 0.6 0.5999850001874985
4 24 0.6402242776106237 1 0 0.6 0.5999850001874985
5 30 0.5123195979850115 1 0 0.6 0.5999850001874985
6 36 0.47229863268398115 1 0 0.6 0.5999850001874985
7 42 0.4016821878724204 1 0 0.6 0.5999850001874985
8 48 0.3799972683183024 1 0 0.6 0.5999850001874985
9 54 0.32098312788776856 1 0 0.6 0.5999850001874985
10 60 0.25443728397530757 1 0 0.6 0.5999850001874985
11 66 0.2572226355336219 1 0 0.6 0.5999850001874985
12 72 0.2278168835984522 1 0 0.6 0.5999850001874985
13 78 0.18328157905352366 1 0 0.6 0.5999850001874985
14 84 0.1475046141075245 1 0 0.6 0.5999850001874985
15 90 0.11584344870824215 1 0 0.6 0.5999850001874985
16 96 0.1390253870709879 1 0 0.6 0.5999850001874985
17 102 0.13972277855855283 1 0 0.6 0.5999850001874985
18 108 0.1845416624545773 1 0 0.6 0.5999850001874985
19 114 0.1948353980856039 1 0 0.6 0.5999850001874985
20 120 0.2626102791347983 1 0 0.6 0.5999850001874985
21 126 0.2621559756859475 1 0 0.6 0.5999850001874985
22 132 0.3104460710191697 1 0 0.6 0.5999850001874985
23 138 0.3996384039026795 1 0 0.6 0.5999850001874985
24 144 0.44442777149063256 1 0 0.6 0.5999850001874985
25 150 0.39099432260969424 1 0 0.6 0.5999850001874985
26 156 0.32048108502219724 1 0 0.6 0.5999850001874985
27 162 0.2754658899115573 1 0 0.6 0.5999850001874985
28 168 0.2564484364605411 1 0 0.6 0.5999850001874985
29 174 0.2092687804629681 1 0 0.6 0.5999850001874985
30 180 0.2563426291409168 1 0 0.6 0.5999850001874985
31 186 0.22002905140000897 1 0 0.6 0.5999850001874985
32 192 0.1897417319639786 1 0 0.6 0.5999850001874985
33 198 0.19921861913672242 1 0 0.6 0.5999850001874985
34 204 0.2219000755632207 1 0 0.6 0.5999850001874985
35 210 0.20784607502141325 1 0 0.6 0.5999850001874985
36 216 0.2346063034174032 1 0 0.6 0.5999850001874985
37 222 0.23431218547350785 1 0 0.6 0.5999850001874985
38 228 0.18752059161670204 1 0 0.6 0.5999850001874985
39 234 0.14266624729065153 1 0 0.6 0.5999850001874985
40 240 0.13373997445179284 1 0 0.6 0.5999850001874985
41 246 0.1704682823649107 1 0 0.6 0.5999850001874985
42 252 0.1685877851141762 1 0 0.6 0.5999850001874985
43 258 0.1739064570218284 1 0 0.6 0.5999850001874985
44 264 0.183989910295685 1 0 0.6 0.5999850001874985
45 270 0.14752644348249508 1 0 0.6 0.5999850001874985
46 276 0.17683083393352295 1 0 0.6 0.5999850001874985
47 282 0.255661636517669 1 0 0.6 0.5999850001874985
48 288 0.3334595766174801 1 0 0.6 0.5999850001874985
49 294 0.31275294133504167 1 0 0.6 0.5999850001874985
50 300 0.2581162707575082 1 0 0.6 0.5999850001874985
51 306 0.2060669783283203 1 0 0.6 0.5999850001874985
52 312 0.18988297877115196 1 0 0.6 0.5999850001874985
53 318 0.13440600586259702 1 0 0.6 0.5999850001874985
54 324 0.10309989098471707 1 0 0.6 0.5999850001874985
55 330 0.11696232148890659 1 0 0.6 0.5999850001874985
56 336 0.12149093025813452 1 0 0.6 0.5999850001874985
57 342 0.09330255788465228 1 0 0.6 0.5999850001874985
58 348 0.08702806280035179 1 0 0.6 0.5999850001874985
59 354 0.07852703663175699 1 0 0.6 0.5999850001874985
60 360 0.055720619662200446 1 0 0.6 0.5999850001874985
61 366 0.047837625715614424 1 0 0.6 0.5999850001874985
62 372 0.04938002492822906 1 0 0.6 0.5999850001874985
63 378 0.045083803368751695 1 0 0.6 0.5999850001874985
64 384 0.03852977150378789 1 0 0.6 0.5999850001874985
65 390 0.02912053648892423 1 0 0.6 0.5999850001874985
66 396 0.03128736996983637 1 0 0.6 0.5999850001874985
67 402 0.025721551156489112 1 0 0.6 0.5999850001874985
68 408 0.020736176683767312 1 0 0.6 0.5999850001874985
69 414 0.01671774145527165 1 0 0.6 0.5999850001874985
70 420 0.012690996752185617 1 0 0.6 0.5999850001874985
71 426 0.010222139517284177 1 0 0.6 0.5999850001874985
72 432 0.009858236694579402 1 0 0.6 0.5999850001874985
73 438 0.006993423879352014 1 0 0.6 0.5999850001874985
74 444 0.005532560522865272 1 0 0.6 0.5999850001874985
75 450 0.005423668867736533 1 0 0.6 0.5999850001874985
76 456 0.004647760283727829 1 0 0.6 0.5999850001874985
77 462 0.003535408936106637 1 0 0.6 0.5999850001874985
78 468 0.0028205777904446692 1 0 0.6 0.5999850001874985
79 474 0.0023034128977497204 1 0 0.6 0.5999850001874985
80 480 0.002511589933228994 1 0 0.6 0.5999850001874985
81 486 0.0028203688861368472 1 0 0.6 0.5999850001874985
82 492 0.0023209273395672974 1 0 0.6 0.5999850001874985
83 498 0.002064740944221211 1 0 0.6 0.5999850001874985
84 504 0.0019194235176800882 1 0 0.6 0.5999850001874985
85 510 0.0017720850843648312 1 0 0.6 0.5999850001874985
86 516 0.001503225988816821 1 0 0.6 0.5999850001874985
87 522 0.0011932445841538848 1 0 0.6 0.5999850001874985
88 528 0.0011252411421366342 1 0 0.6 0.5999850001874985
89 534 0.001041051133109991 1 0 0.6 0.5999850001874985
90 540 0.0007390207069498932 1 0 0.6 0.5999850001874985
91 546 0.0006423421629127441 1 0 0.6 0.5999850001874985
92 552 0.0005559312983297928 1 0 0.6 0.5999850001874985
93 558 0.000547556239154979 1 0 0.6 0.5999850001874985
94 564 0.0004134573916704495 1 0 0.6 0.5999850001874985
95 570 0.0003575175286053515 1 0 0.6 0.5999850001874985
96 576 0.0002886811365751193 1 0 0.6 0.5999850001874985
97 582 0.0002649281969229105 1 0 0.6 0.5999850001874985
98 588 0.00025203486624178397 1 0 0.6 0.5999850001874985
99 594 0.000270809400747818 1 0 0.6 0.5999850001874985
100 600 0.00021941151554643188 1 0 0.6 0.5999850001874985
101 606 0.0001741510828048691 1 0 0.6 0.5999850001874985
102 612 0.00015502211144084052 1 0 0.6 0.5999850001874985
103 618 0.00011360629690609129 1 0 0.6 0.5999850001874985
104 624 9.477774653142788e-05 1 0 0.6 0.5999850001874985
105 630 9.184505075081501e-05 1 0 0.6 0.5999850001874985
106 636 7.45502476822949e-05 1 0 0.6 0.5999850001874985
107 642 6.225954477184012e-05 1 0 0.6 0.5999850001874985
108 648 4.659043280275864e-05 1 0 0.6 0.5999850001874985
109 654 3.864300146594483e-05 1 0 0.6 0.5999850001874985
109 654 3.864300146594483e-05 1 0 0.6 0.5999850001874985
