% # columns="iteration, evaluation, min max(neg(.)) min(pos(.)) max correlation, correlation matrix principal axes lengths  (sorted square roots of eigenvalues of correlation matrix)", seed=877932, Mon Sep  7 02:28:23 2026
1 6 0.29933840200599054 0.29933840200599054 0.29933840200599054 0.29933840200599054 0.8370553135808945 1.1398852582633001
2 12 0.21311878184009617 0.21311878184009617 0.21311878184009617 0.21311878184009617 0.8370553135808945 1.1398852582633001
3 18 0.10239904555130402 0.10239904555130402 0.10239904555130402 0.10239904555130402 0.9474180462967211 1.0499519253524439
4 24 0.2645858777428215 0.2645858777428215 0.2645858777428215 0.2645858777428215 0.9474180462967211 1.0499519253524439
5 30 0.3815767196221508 0.3815767196221508 0.3815767196221508 0.3815767196221508 0.7863989320808169 1.175404917303884
6 36 0.4801550708879114 0.4801550708879114 0.4801550708879114 0.4801550708879114 0.7863989320808169 1.175404917303884
7 42 0.5265857378093146 0.5265857378093146 0.5265857378093146 0.5265857378093146 0.6880510607438123 1.2355507831770067
8 48 0.6158518788202318 0.6158518788202318 0.6158518788202318 0.6158518788202318 0.6880510607438123 1.2355507831770067
9 54 0.66560082953981 0.66560082953981 0.66560082953981 0.66560082953981 0.5782725745357372 1.2905815857743401
10 60 0.7675644681432132 0.7675644681432132 0.7675644681432132 0.7675644681432132 0.5782725745357372 1.2905815857743401
11 66 0.8255724392344008 0.8255724392344008 0.8255724392344008 0.8255724392344008 0.4176452570850039 1.3511374612652853
12 72 0.9035154636166721 0.9035154636166721 0.9035154636166721 0.9035154636166721 0.4176452570850039 1.3511374612652853
13 78 0.9172065821523774 0.9172065821523774 0.9172065821523774 0.9172065821523774 0.28773845389106845 1.3846322913150542
14 84 0.9420013046075072 0.9420013046075072 0.9420013046075072 0.9420013046075072 0.28773845389106845 1.3846322913150542
15 90 0.9677031503500694 0.9677031503500694 0.9677031503500694 0.9677031503500694 0.17971324283405096 1.4027484273204762
16 96 0.9700458998228509 0.9700458998228509 0.9700458998228509 0.9700458998228509 0.17971324283405096 1.4027484273204762
17 102 0.9744891687550837 0.9744891687550837 0.9744891687550837 0.9744891687550837 0.15972110456954783 1.405165174901187
18 108 0.9687471051053956 0.9687471051053956 0.9687471051053956 0.9687471051053956 0.15972110456954783 1.405165174901187
19 114 0.9653364877586217 0.9653364877586217 0.9653364877586217 0.9653364877586217 0.1861813960667882 1.4019045929586726
20 120 0.9616341993535699 0.9616341993535699 0.9616341993535699 0.9616341993535699 0.1861813960667882 1.4019045929586726
21 126 0.9579977717481148 0.9579977717481148 0.9579977717481148 0.9579977717481148 0.20494445162503178 1.3992847357661395
22 132 0.9322254835915059 0.9322254835915059 0.9322254835915059 0.9322254835915059 0.20494445162503178 1.3992847357661395
23 138 0.9245492312548149 0.9245492312548149 0.9245492312548149 0.9245492312548149 0.2746830332313684 1.3872812372604246
24 144 0.9216612393782538 0.9216612393782538 0.9216612393782538 0.9216612393782538 0.2746830332313684 1.3872812372604246
25 150 0.912777729650239 0.912777729650239 0.912777729650239 0.912777729650239 0.2953341672576353 1.383032078315698
26 156 0.8884454777711147 0.8884454777711147 0.8884454777711147 0.8884454777711147 0.2953341672576353 1.383032078315698
27 162 0.8727888089240279 0.8727888089240279 0.8727888089240279 0.8727888089240279 0.3566667787669217 1.3684987427557351
28 168 0.9062573696465438 0.9062573696465438 0.9062573696465438 0.9062573696465438 0.3566667787669217 1.3684987427557351
29 174 0.8964919742510055 0.8964919742510055 0.8964919742510055 0.8964919742510055 0.3217266320169883 1.3771317926222622
30 180 0.8675929702233841 0.8675929702233841 0.8675929702233841 0.8675929702233841 0.3217266320169883 1.3771317926222622
31 186 0.8694944460091233 0.8694944460091233 0.8694944460091233 0.8694944460091233 0.361255524512604 1.3672945717763687
32 192 0.8331891804306704 0.8331891804306704 0.8331891804306704 0.8331891804306704 0.361255524512604 1.3672945717763687
33 198 0.885501148938272 0.885501148938272 0.885501148938272 0.885501148938272 0.3383767885977525 1.373135517324591
34 204 0.8872409398317856 0.8872409398317856 0.8872409398317856 0.8872409398317856 0.3383767885977525 1.373135517324591
35 210 0.8741103754793288 0.8741103754793288 0.8741103754793288 0.8741103754793288 0.3548092790791569 1.3689815102766467
36 216 0.8570142496940043 0.8570142496940043 0.8570142496940043 0.8570142496940043 0.3548092790791569 1.3689815102766467
37 222 0.832299718641581 0.832299718641581 0.832299718641581 0.832299718641581 0.40951224811770776 1.3536246594390857
38 228 0.7644678460473306 0.7644678460473306 0.7644678460473306 0.7644678460473306 0.40951224811770776 1.3536246594390857
39 234 0.753417216903429 0.753417216903429 0.753417216903429 0.753417216903429 0.49657102522858815 1.3241666122144256
40 240 0.7105091768214981 0.7105091768214981 0.7105091768214981 0.7105091768214981 0.49657102522858815 1.3241666122144256
41 246 0.816380020212074 0.816380020212074 0.816380020212074 0.816380020212074 0.42850901949425285 1.3477314347495475
42 252 0.8286381183723865 0.8286381183723865 0.8286381183723865 0.8286381183723865 0.42850901949425285 1.3477314347495475
43 258 0.735816850603139 0.735816850603139 0.735816850603139 0.735816850603139 0.5139874992612767 1.3175040229931516
44 264 0.7204476397907457 0.7204476397907457 0.7204476397907457 0.7204476397907457 0.5139874992612767 1.3175040229931516
45 270 0.6451640387509753 0.6451640387509753 0.6451640387509753 0.6451640387509753 0.595681090222801 1.282639481207005
46 276 0.5887549189043442 0.5887549189043442 0.5887549189043442 0.5887549189043442 0.595681090222801 1.282639481207005
47 282 0.43523773389500175 0.43523773389500175 0.43523773389500175 0.43523773389500175 0.7515066640456346 1.1980140791722782
48 288 0.33254731412282046 0.33254731412282046 0.33254731412282046 0.33254731412282046 0.7515066640456346 1.1980140791722782
49 294 0.3698472531350542 0.3698472531350542 0.3698472531350542 0.3698472531350542 0.7938216089682529 1.1704047390262287
50 300 0.2774856266804591 0.2774856266804591 0.2774856266804591 0.2774856266804591 0.7938216089682529 1.1704047390262287
51 306 0.2571414924041479 0.2571414924041479 0.2571414924041479 0.2571414924041479 0.8618923990823055 1.1212232125692672
52 312 0.3343363875066989 0.3343363875066989 0.3343363875066989 0.3343363875066989 0.8618923990823055 1.1212232125692672
53 318 0.06527754668088798 0.06527754668088798 0.06527754668088798 0.06527754668088798 0.9668104536666492 1.032122835073853
54 324 0.1377900414733883 0.1377900414733883 0.1377900414733883 0.1377900414733883 0.9668104536666492 1.032122835073853
55 330 0.14151279777266074 0.14151279777266074 0.14151279777266074 0.14151279777266074 0.926545844644149 1.0684160227985449
56 336 0.23984388333716916 0.23984388333716916 0.23984388333716916 0.23984388333716916 0.926545844644149 1.0684160227985449
57 342 0.2734255290043204 0.2734255290043204 0.2734255290043204 0.2734255290043204 0.8523933780806133 1.1284615762197312
58 348 0.4675994373514845 0.4675994373514845 0.4675994373514845 0.4675994373514845 0.8523933780806133 1.1284615762197312
59 354 0.6074353940449821 0.6074353940449821 0.6074353940449821 0.6074353940449821 0.6265497633508594 1.2678467549530512
60 360 0.5076613589994909 0.5076613589994909 0.5076613589994909 0.5076613589994909 0.6265497633508594 1.2678467549530512
61 366 0.5501274250587969 0.5501274250587969 0.5501274250587969 0.5501274250587969 0.6707254094942304 1.2450411338822491
62 372 0.6475083519844942 0.6475083519844942 0.6475083519844942 0.6475083519844942 0.6707254094942304 1.2450411338822491
63 378 0.5761466438739204 0.5761466438739204 0.5761466438739204 0.5761466438739204 0.6510402108365347 1.2554467905386992
64 384 0.5026688572799556 0.5026688572799556 0.5026688572799556 0.5026688572799556 0.6510402108365347 1.2554467905386992
65 390 0.24418825571760727 0.24418825571760727 0.24418825571760727 0.24418825571760727 0.8693743407085308 1.1154318695992183
66 396 0.32261159288956626 0.32261159288956626 0.32261159288956626 0.32261159288956626 0.8693743407085308 1.1154318695992183
67 402 0.3104121240702129 0.3104121240702129 0.3104121240702129 0.3104121240702129 0.8304142797000706 1.1447323373043206
68 408 0.19863014951204738 0.19863014951204738 0.19863014951204738 0.19863014951204738 0.8304142797000706 1.1447323373043206
69 414 0.03692874233820424 0.03692874233820424 0.03692874233820424 0.03692874233820424 0.9813619401942362 1.0182969814048377
70 420 0.1695491796751734 0.1695491796751734 0.1695491796751734 0.1695491796751734 0.9813619401942362 1.0182969814048377
71 426 0.050797790444223334 0.050797790444223334 0.050797790444223334 0.050797790444223334 0.9742700906605809 1.025084284556262
72 432 0.03942408173353567 0.03942408173353567 0.03942408173353567 0.03942408173353567 0.9742700906605809 1.025084284556262
73 438 0.29787961724845735 0.29787961724845735 0.29787961724845735 0.29787961724845735 0.8379262394456584 1.1392451962806152
74 444 0.19202909558822184 0.19202909558822184 0.19202909558822184 0.19202909558822184 0.8379262394456584 1.1392451962806152
75 450 0.310801164363958 0.310801164363958 0.310801164363958 0.310801164363958 0.8301800019490003 1.1449022510083375
76 456 0.023118627783359547 0.023118627783359547 0.023118627783359547 0.023118627783359547 0.8301800019490003 1.1449022510083375
77 462 0.15730610547556184 0.15730610547556184 0.15730610547556184 0.15730610547556184 0.9179836025357088 1.0757816253662087
78 468 0.21142345133651644 0.21142345133651644 0.21142345133651644 0.21142345133651644 0.9179836025357088 1.0757816253662087
79 474 0.16067488249818185 0.16067488249818185 0.16067488249818185 0.16067488249818185 0.9161468864225968 1.0773462222044414
80 480 0.11517864890313274 0.11517864890313274 0.11517864890313274 0.11517864890313274 0.9161468864225968 1.0773462222044414
81 486 0.19486899443349912 0.19486899443349912 0.19486899443349912 0.19486899443349912 0.8972909258242284 1.0931006332600395
82 492 0.23376178693552932 0.23376178693552932 0.23376178693552932 0.23376178693552932 0.8972909258242284 1.0931006332600395
83 498 0.18773774609091384 0.18773774609091384 0.18773774609091384 0.18773774609091384 0.9012559314140942 1.0898338158136376
84 504 0.22385751978441004 0.22385751978441004 0.22385751978441004 0.22385751978441004 0.9012559314140942 1.0898338158136376
85 510 0.021256811002957968 0.021256811002957968 0.021256811002957968 0.021256811002957968 0.9893145045924688 1.0105725164494421
86 516 -0.2278826295212071 -0.2278826295212071 -0.2278826295212071 -0.2278826295212071 0.9893145045924688 1.0105725164494421
87 522 -0.2003035638822774 -0.2003035638822774 -0.2003035638822774 -0.2003035638822774 0.8942574775296668 1.0955836635703715
88 528 0.07401678502728462 0.07401678502728462 0.07401678502728462 0.07401678502728462 0.8942574775296668 1.0955836635703715
89 534 0.22300243471509482 0.22300243471509482 0.22300243471509482 0.22300243471509482 0.8814746537960721 1.1058944048665291
90 540 0.11518035596782411 0.11518035596782411 0.11518035596782411 0.11518035596782411 0.8814746537960721 1.1058944048665291
91 546 0.32480074220936683 0.32480074220936683 0.32480074220936683 0.32480074220936683 0.8217050917395081 1.1509998880144892
92 552 0.47111987113491366 0.47111987113491366 0.47111987113491366 0.47111987113491366 0.8217050917395081 1.1509998880144892
93 558 0.09908856329149834 0.09908856329149834 0.09908856329149834 0.09908856329149834 0.9491635458173168 1.048374247724303
94 564 0.25094950546293393 0.25094950546293393 0.25094950546293393 0.25094950546293393 0.9491635458173168 1.048374247724303
95 570 0.22754320635315436 0.22754320635315436 0.22754320635315436 0.22754320635315436 0.8788952119831156 1.107945488890656
96 576 0.19828338017019054 0.19828338017019054 0.19828338017019054 0.19828338017019054 0.8788952119831156 1.107945488890656
96 576 0.19828338017019054 0.19828338017019054 0.19828338017019054 0.19828338017019054 0.8788952119831156 1.107945488890656
