% # columns="iteration, evaluation, min max(neg(.)) min(pos(.)) max correlation, correlation matrix principal axes lengths  (sorted square roots of eigenvalues of correlation matrix)", seed=121847, Tue Aug 18 11:43:11 2026
1 6 -0.1427590310499649 -0.1427590310499649 -0.1427590310499649 -0.1427590310499649 0.9258730846881958 1.0689990790688104
2 12 0.090682376205385 0.090682376205385 0.090682376205385 0.090682376205385 0.9258730846881958 1.0689990790688104
3 18 0.31374100392787496 0.31374100392787496 0.31374100392787496 0.31374100392787496 0.8284075060452587 1.1461854142885761
4 24 0.46957228532080664 0.46957228532080664 0.46957228532080664 0.46957228532080664 0.8284075060452587 1.1461854142885761
5 30 0.5951619663255288 0.5951619663255288 0.5951619663255288 0.5951619663255288 0.6362688375792668 1.2629972154860551
6 36 0.6727528961565377 0.6727528961565377 0.6727528961565377 0.6727528961565377 0.6362688375792668 1.2629972154860551
7 42 0.7468447062274906 0.7468447062274906 0.7468447062274906 0.7468447062274906 0.5031454002299031 1.3216825285322835
8 48 0.782506961231232 0.782506961231232 0.782506961231232 0.782506961231232 0.5031454002299031 1.3216825285322835
9 54 0.8402206114634582 0.8402206114634582 0.8402206114634582 0.8402206114634582 0.3997241405476307 1.356547312652035
10 60 0.8040451439505294 0.8040451439505294 0.8040451439505294 0.8040451439505294 0.3997241405476307 1.356547312652035
11 66 0.8696418189569668 0.8696418189569668 0.8696418189569668 0.8696418189569668 0.36105149361695393 1.367348462886095
12 72 0.9192037029016236 0.9192037029016236 0.9192037029016236 0.9192037029016236 0.36105149361695393 1.367348462886095
13 78 0.9492333644161336 0.9492333644161336 0.9492333644161336 0.9492333644161336 0.22531452590515852 1.3961494778196688
14 84 0.9574564428849548 0.9574564428849548 0.9574564428849548 0.9574564428849548 0.22531452590515852 1.3961494778196688
15 90 0.9584017875279885 0.9584017875279885 0.9584017875279885 0.9584017875279885 0.20395639845813032 1.3994290934263116
16 96 0.9510682599866574 0.9510682599866574 0.9510682599866574 0.9510682599866574 0.20395639845813032 1.3994290934263116
17 102 0.9497149560322915 0.9497149560322915 0.9497149560322915 0.9497149560322915 0.22424326961518476 1.396321938534338
18 108 0.9302179495343852 0.9302179495343852 0.9302179495343852 0.9302179495343852 0.22424326961518476 1.396321938534338
19 114 0.9636128860821306 0.9636128860821306 0.9636128860821306 0.9636128860821306 0.19075406658278402 1.4012897223922434
20 120 0.9581860511411566 0.9581860511411566 0.9581860511411566 0.9581860511411566 0.19075406658278402 1.4012897223922434
21 126 0.8814014061289354 0.8814014061289354 0.8814014061289354 0.8814014061289354 0.34438146563231975 1.3716418651123679
22 132 0.8988453266324689 0.8988453266324689 0.8988453266324689 0.8988453266324689 0.34438146563231975 1.3716418651123679
23 138 0.9294272047706991 0.9294272047706991 0.9294272047706991 0.9294272047706991 0.2656554069265315 1.3890382301328856
24 144 0.9571767974721437 0.9571767974721437 0.9571767974721437 0.9571767974721437 0.2656554069265315 1.3890382301328856
25 150 0.9241001435836654 0.9241001435836654 0.9241001435836654 0.9241001435836654 0.27549928569115084 1.3871193689022099
26 156 0.9024487980140239 0.9024487980140239 0.9024487980140239 0.9024487980140239 0.27549928569115084 1.3871193689022099
27 162 0.9349488474995544 0.9349488474995544 0.9349488474995544 0.9349488474995544 0.2550512742576391 1.3910243878162434
28 168 0.9533458132937221 0.9533458132937221 0.9533458132937221 0.9533458132937221 0.2550512742576391 1.3910243878162434
29 174 0.9505034611487448 0.9505034611487448 0.9505034611487448 0.9505034611487448 0.22247817612353624 1.3966042607513214
30 180 0.9784683415728531 0.9784683415728531 0.9784683415728531 0.9784683415728531 0.22247817612353624 1.3966042607513214
31 186 0.9678855903073033 0.9678855903073033 0.9678855903073033 0.9678855903073033 0.17920493769061402 1.4028134552773948
32 192 0.9753335900797524 0.9753335900797524 0.9753335900797524 0.9753335900797524 0.17920493769061402 1.4028134552773948
33 198 0.9750848453162647 0.9750848453162647 0.9750848453162647 0.9750848453162647 0.15784535052935536 1.4053771185401676
34 204 0.9490816214781809 0.9490816214781809 0.9490816214781809 0.9490816214781809 0.15784535052935536 1.4053771185401676
35 210 0.9170573393456019 0.9170573393456019 0.9170573393456019 0.9170573393456019 0.28799767473783205 1.3845783976884811
36 216 0.9151883842345062 0.9151883842345062 0.9151883842345062 0.9151883842345062 0.28799767473783205 1.3845783976884811
37 222 0.9235442616896599 0.9235442616896599 0.9235442616896599 0.9235442616896599 0.2765063079033463 1.3869189816603058
38 228 0.9614279758818065 0.9614279758818065 0.9614279758818065 0.9614279758818065 0.2765063079033463 1.3869189816603058
39 234 0.9719221747640067 0.9719221747640067 0.9719221747640067 0.9719221747640067 0.1675643913126926 1.4042514642199975
40 240 0.9504077639251312 0.9504077639251312 0.9504077639251312 0.9504077639251312 0.1675643913126926 1.4042514642199975
41 246 0.9320886167693473 0.9320886167693473 0.9320886167693473 0.9320886167693473 0.2605981259154652 1.3899959053066837
42 252 0.9412787709301766 0.9412787709301766 0.9412787709301766 0.9412787709301766 0.2605981259154652 1.3899959053066837
43 258 0.9304816923568097 0.9304816923568097 0.9304816923568097 0.9304816923568097 0.2636632466673928 1.3894177530018859
44 264 0.948475259488611 0.948475259488611 0.948475259488611 0.948475259488611 0.2636632466673928 1.3894177530018859
45 270 0.9665680649006032 0.9665680649006032 0.9665680649006032 0.9665680649006032 0.1828440184949915 1.4023437755773736
46 276 0.9343365659621591 0.9343365659621591 0.9343365659621591 0.9343365659621591 0.1828440184949915 1.4023437755773736
47 282 0.9047423304724822 0.9047423304724822 0.9047423304724822 0.9047423304724822 0.30863841226833344 1.3801240272064255
48 288 0.916827755036892 0.916827755036892 0.916827755036892 0.916827755036892 0.30863841226833344 1.3801240272064255
49 294 0.9482957325854652 0.9482957325854652 0.9482957325854652 0.9482957325854652 0.22738572385823777 1.3958136453644037
50 300 0.9327930398864734 0.9327930398864734 0.9327930398864734 0.9327930398864734 0.22738572385823777 1.3958136453644037
51 306 0.9479320357324834 0.9479320357324834 0.9479320357324834 0.9479320357324834 0.22818405787328017 1.395683357976473
52 312 0.9269268171441094 0.9269268171441094 0.9269268171441094 0.9269268171441094 0.22818405787328017 1.395683357976473
53 318 0.8608899970921758 0.8608899970921758 0.8608899970921758 0.8608899970921758 0.37297453385965135 1.364144419441056
54 324 0.7853495903534299 0.7853495903534299 0.7853495903534299 0.7853495903534299 0.37297453385965135 1.364144419441056
55 330 0.7261306909068294 0.7261306909068294 0.7261306909068294 0.7261306909068294 0.5233252421708422 1.31382292981468
56 336 0.6771958498762676 0.6771958498762676 0.6771958498762676 0.6771958498762676 0.5233252421708422 1.31382292981468
57 342 0.5933682635231694 0.5933682635231694 0.5933682635231694 0.5933682635231694 0.6376768276147649 1.2622869180670333
58 348 0.5839533248297881 0.5839533248297881 0.5839533248297881 0.5839533248297881 0.6376768276147649 1.2622869180670333
59 354 0.5883550873866835 0.5883550873866835 0.5883550873866835 0.5883550873866835 0.6415955989666049 1.2602996022322166
60 360 0.3941252004541126 0.3941252004541126 0.3941252004541126 0.3941252004541126 0.6415955989666049 1.2602996022322166
61 366 0.31925917621863376 0.31925917621863376 0.31925917621863376 0.31925917621863376 0.8250701932450148 1.148590081891113
62 372 0.3565723510897725 0.3565723510897725 0.3565723510897725 0.3565723510897725 0.8250701932450148 1.148590081891113
63 378 0.22072043482546838 0.22072043482546838 0.22072043482546838 0.22072043482546838 0.8827681265057838 1.1048621791089912
64 384 0.11741439391216545 0.11741439391216545 0.11741439391216545 0.11741439391216545 0.8827681265057838 1.1048621791089912
65 390 0.1891636376850722 0.1891636376850722 0.1891636376850722 0.1891636376850722 0.900464525850368 1.090487798045018
66 396 0.1439967741327926 0.1439967741327926 0.1439967741327926 0.1439967741327926 0.900464525850368 1.090487798045018
67 402 0.11357230360050277 0.11357230360050277 0.11357230360050277 0.11357230360050277 0.9415028924010256 1.055259353713817
68 408 -0.012075383475522809 -0.012075383475522809 -0.012075383475522809 -0.012075383475522809 0.9415028924010256 1.055259353713817
69 414 0.057284780224754986 0.057284780224754986 0.057284780224754986 0.057284780224754986 0.9709352294438827 1.0282435412998008
70 420 -0.19754241866077116 -0.19754241866077116 -0.19754241866077116 -0.19754241866077116 0.9709352294438827 1.0282435412998008
71 426 -0.2844721850673327 -0.2844721850673327 -0.2844721850673327 -0.2844721850673327 0.8458887721991984 1.133345571777352
72 432 -0.11251707757353097 -0.11251707757353097 -0.11251707757353097 -0.11251707757353097 0.8458887721991984 1.133345571777352
73 438 -0.09718306255750594 -0.09718306255750594 -0.09718306255750594 -0.09718306255750594 0.9501667945379348 1.0474650650773543
74 444 -0.10718965253767382 -0.10718965253767382 -0.10718965253767382 -0.10718965253767382 0.9501667945379348 1.0474650650773543
75 450 -0.12169639308178734 -0.12169639308178734 -0.12169639308178734 -0.12169639308178734 0.9371785352419316 1.0591016915678058
76 456 0.1566359142401141 0.1566359142401141 0.1566359142401141 0.1566359142401141 0.9371785352419316 1.0591016915678058
77 462 0.2513919670187919 0.2513919670187919 0.2513919670187919 0.2513919670187919 0.865221378019064 1.1186563221198869
78 468 0.054528952131498755 0.054528952131498755 0.054528952131498755 0.054528952131498755 0.865221378019064 1.1186563221198869
79 474 -0.23356011983560201 -0.23356011983560201 -0.23356011983560201 -0.23356011983560201 0.8754655219735372 1.1106575168951058
80 480 -0.3117765998275267 -0.3117765998275267 -0.3117765998275267 -0.3117765998275267 0.8754655219735372 1.1106575168951058
81 486 0.02824457425147796 0.02824457425147796 0.02824457425147796 0.02824457425147796 0.9857765597479595 1.0140239515176541
82 492 -0.07137391265263679 -0.07137391265263679 -0.07137391265263679 -0.07137391265263679 0.9857765597479595 1.0140239515176541
83 498 0.05844639602053521 0.05844639602053521 0.05844639602053521 0.05844639602053521 0.9703368507788751 1.0288082406457169
84 504 0.12716246122366562 0.12716246122366562 0.12716246122366562 0.12716246122366562 0.9703368507788751 1.0288082406457169
85 510 0.0481445449670809 0.0481445449670809 0.0481445449670809 0.0481445449670809 0.9756307985262247 1.0237893069216346
86 516 0.031711514642410815 0.031711514642410815 0.031711514642410815 0.031711514642410815 0.9756307985262247 1.0237893069216346
87 522 0.04509685251570703 0.04509685251570703 0.04509685251570703 0.04509685251570703 0.9771914589701922 1.0222997860293754
88 528 -0.017687075046614743 -0.017687075046614743 -0.017687075046614743 -0.017687075046614743 0.9771914589701922 1.0222997860293754
89 534 0.25809001231034634 0.25809001231034634 0.25809001231034634 0.25809001231034634 0.8613419690747999 1.1216461172358894
90 540 0.022341849753272386 0.022341849753272386 0.022341849753272386 0.022341849753272386 0.8613419690747999 1.1216461172358894
91 546 0.0950407088568558 0.0950407088568558 0.0950407088568558 0.0950407088568558 0.9512934831812653 1.046441928086244
92 552 0.15113058259232312 0.15113058259232312 0.15113058259232312 0.15113058259232312 0.9512934831812653 1.046441928086244
93 558 0.1580363581378213 0.1580363581378213 0.1580363581378213 0.1580363581378213 0.9175857681231652 1.0761209774638822
94 564 0.027021373339343364 0.027021373339343364 0.027021373339343364 0.027021373339343364 0.9175857681231652 1.0761209774638822
95 570 -0.11798250952820553 -0.11798250952820553 -0.11798250952820553 -0.11798250952820553 0.9391578623808644 1.0573469201393673
96 576 -0.10579506273112319 -0.10579506273112319 -0.10579506273112319 -0.10579506273112319 0.9391578623808644 1.0573469201393673
97 582 -0.32731219993434685 -0.32731219993434685 -0.32731219993434685 -0.32731219993434685 0.8201754690708892 1.1520903610109525
98 588 -0.2460076895853881 -0.2460076895853881 -0.2460076895853881 -0.2460076895853881 0.8201754690708892 1.1520903610109525
99 594 -0.4721473536832318 -0.4721473536832318 -0.4721473536832318 -0.4721473536832318 0.7265346834919638 1.2133207958669594
100 600 -0.4690947596636636 -0.4690947596636636 -0.4690947596636636 -0.4690947596636636 0.7265346834919638 1.2133207958669594
101 606 -0.34180573462640934 -0.34180573462640934 -0.34180573462640934 -0.34180573462640934 0.8112917264298896 1.1583633862594283
102 612 -0.2744847583466453 -0.2744847583466453 -0.2744847583466453 -0.2744847583466453 0.8112917264298896 1.1583633862594283
103 618 -0.11703718526306346 -0.11703718526306346 -0.11703718526306346 -0.11703718526306346 0.9396610105441943 1.0568997990647284
104 624 -0.2830557916245109 -0.2830557916245109 -0.2830557916245109 -0.2830557916245109 0.9396610105441943 1.0568997990647284
105 630 -0.16012617869510867 -0.16012617869510867 -0.16012617869510867 -0.16012617869510867 0.91644630028436 1.0770915368227107
106 636 -0.007865487427379789 -0.007865487427379789 -0.007865487427379789 -0.007865487427379789 0.91644630028436 1.0770915368227107
107 642 -0.017035653737383444 -0.017035653737383444 -0.017035653737383444 -0.017035653737383444 0.991445584115748 1.008481855928694
108 648 0.15873100445198057 0.15873100445198057 0.15873100445198057 0.15873100445198057 0.991445584115748 1.008481855928694
109 654 0.25788308469600163 0.25788308469600163 0.25788308469600163 0.25788308469600163 0.8614620800151324 1.121553870617012
110 660 0.4677964535545739 0.4677964535545739 0.4677964535545739 0.4677964535545739 0.8614620800151324 1.121553870617012
111 666 0.5472383115329795 0.5472383115329795 0.5472383115329795 0.5472383115329795 0.6728756857451608 1.2438803445400122
112 672 0.373890192248742 0.373890192248742 0.373890192248742 0.373890192248742 0.6728756857451608 1.2438803445400122
113 678 0.09319005479176071 0.09319005479176071 0.09319005479176071 0.09319005479176071 0.9522656904500126 1.0455572938829134
114 684 -0.03327664791811747 -0.03327664791811747 -0.03327664791811747 -0.03327664791811747 0.9522656904500126 1.0455572938829134
115 690 -0.20413536230565513 -0.20413536230565513 -0.20413536230565513 -0.20413536230565513 0.8921124579862928 1.0973310176540418
116 696 0.0021020868633094348 0.0021020868633094348 0.0021020868633094348 0.0021020868633094348 0.8921124579862928 1.0973310176540418
117 702 -0.12189351281367283 -0.12189351281367283 -0.12189351281367283 -0.12189351281367283 0.9370733627557274 1.0591947473499257
118 708 -0.3201283219425503 -0.3201283219425503 -0.3201283219425503 -0.3201283219425503 0.9370733627557274 1.0591947473499257
118 708 -0.3201283219425503 -0.3201283219425503 -0.3201283219425503 -0.3201283219425503 0.9370733627557274 1.0591947473499257
