% # columns="iteration, evaluation, sigma, beta, void,  sigvec==sigma_vec.scaling factors from diagonal decoding", seed=121847, Tue Aug 18 11:43:11 2026, <python>{}</python>
1 6 0.7815838188393288 1 0 0.6 0.5999850001874985
2 12 0.8680140023035288 1 0 0.6 0.5999850001874985
3 18 0.8552283662032714 1 0 0.6 0.5999850001874985
4 24 0.6152854956836236 1 0 0.6 0.5999850001874985
5 30 0.4568335850814333 1 0 0.6 0.5999850001874985
6 36 0.34861680270650636 1 0 0.6 0.5999850001874985
7 42 0.3123206969616479 1 0 0.6 0.5999850001874985
8 48 0.26181653019259155 1 0 0.6 0.5999850001874985
9 54 0.18421108155687874 1 0 0.6 0.5999850001874985
10 60 0.19960194917469262 1 0 0.6 0.5999850001874985
11 66 0.20947368808979136 1 0 0.6 0.5999850001874985
12 72 0.2690374992495854 1 0 0.6 0.5999850001874985
13 78 0.30902335605301473 1 0 0.6 0.5999850001874985
14 84 0.26190649209325795 1 0 0.6 0.5999850001874985
15 90 0.2173391905041389 1 0 0.6 0.5999850001874985
16 96 0.21464655242842437 1 0 0.6 0.5999850001874985
17 102 0.23939259553300965 1 0 0.6 0.5999850001874985
18 108 0.18675330456847092 1 0 0.6 0.5999850001874985
19 114 0.19398678428864102 1 0 0.6 0.5999850001874985
20 120 0.1485769944178526 1 0 0.6 0.5999850001874985
21 126 0.19411496519828791 1 0 0.6 0.5999850001874985
22 132 0.23609971154248874 1 0 0.6 0.5999850001874985
23 138 0.2842783097303798 1 0 0.6 0.5999850001874985
24 144 0.4284438462691324 1 0 0.6 0.5999850001874985
25 150 0.47742140201737243 1 0 0.6 0.5999850001874985
26 156 0.37718359738495905 1 0 0.6 0.5999850001874985
27 162 0.2878454559710095 1 0 0.6 0.5999850001874985
28 168 0.22213887498597978 1 0 0.6 0.5999850001874985
29 174 0.21039744892907652 1 0 0.6 0.5999850001874985
30 180 0.2623501408799352 1 0 0.6 0.5999850001874985
31 186 0.2873320738152533 1 0 0.6 0.5999850001874985
32 192 0.2327341862181621 1 0 0.6 0.5999850001874985
33 198 0.18306359851021628 1 0 0.6 0.5999850001874985
34 204 0.18634641606525257 1 0 0.6 0.5999850001874985
35 210 0.16896592541028121 1 0 0.6 0.5999850001874985
36 216 0.17449128578257947 1 0 0.6 0.5999850001874985
37 222 0.1451411615807925 1 0 0.6 0.5999850001874985
38 228 0.15233306977338418 1 0 0.6 0.5999850001874985
39 234 0.1552849867784876 1 0 0.6 0.5999850001874985
40 240 0.1444624026109219 1 0 0.6 0.5999850001874985
41 246 0.1292351753832864 1 0 0.6 0.5999850001874985
42 252 0.10576643693913049 1 0 0.6 0.5999850001874985
43 258 0.10409004062915148 1 0 0.6 0.5999850001874985
44 264 0.08205139074469249 1 0 0.6 0.5999850001874985
45 270 0.08126481887358784 1 0 0.6 0.5999850001874985
46 276 0.09095315568262767 1 0 0.6 0.5999850001874985
47 282 0.10721309282005599 1 0 0.6 0.5999850001874985
48 288 0.1142469992875117 1 0 0.6 0.5999850001874985
49 294 0.12398601487682978 1 0 0.6 0.5999850001874985
50 300 0.09685128762249348 1 0 0.6 0.5999850001874985
51 306 0.10187636856615077 1 0 0.6 0.5999850001874985
52 312 0.12887470282244876 1 0 0.6 0.5999850001874985
53 318 0.15284199656344274 1 0 0.6 0.5999850001874985
54 324 0.17797878907917716 1 0 0.6 0.5999850001874985
55 330 0.20363787013624887 1 0 0.6 0.5999850001874985
56 336 0.20508525796384178 1 0 0.6 0.5999850001874985
57 342 0.20511659379719704 1 0 0.6 0.5999850001874985
58 348 0.1835347060531389 1 0 0.6 0.5999850001874985
59 354 0.1452616262039855 1 0 0.6 0.5999850001874985
60 360 0.13606077262766325 1 0 0.6 0.5999850001874985
61 366 0.12519875433189182 1 0 0.6 0.5999850001874985
62 372 0.09303661925873755 1 0 0.6 0.5999850001874985
63 378 0.08825840238974567 1 0 0.6 0.5999850001874985
64 384 0.061602506822153034 1 0 0.6 0.5999850001874985
65 390 0.06222823088578273 1 0 0.6 0.5999850001874985
66 396 0.05918882760640387 1 0 0.6 0.5999850001874985
67 402 0.05259287066391955 1 0 0.6 0.5999850001874985
68 408 0.045530266578121745 1 0 0.6 0.5999850001874985
69 414 0.03709277493752781 1 0 0.6 0.5999850001874985
70 420 0.0385913439531403 1 0 0.6 0.5999850001874985
71 426 0.03860219622851813 1 0 0.6 0.5999850001874985
72 432 0.03172422730798298 1 0 0.6 0.5999850001874985
73 438 0.02546439255514349 1 0 0.6 0.5999850001874985
74 444 0.022648461672681988 1 0 0.6 0.5999850001874985
75 450 0.02132390222072544 1 0 0.6 0.5999850001874985
76 456 0.02044863767719777 1 0 0.6 0.5999850001874985
77 462 0.017183627933042348 1 0 0.6 0.5999850001874985
78 468 0.015460536316243945 1 0 0.6 0.5999850001874985
79 474 0.01739193534968254 1 0 0.6 0.5999850001874985
80 480 0.016097202043444937 1 0 0.6 0.5999850001874985
81 486 0.016317779279952548 1 0 0.6 0.5999850001874985
82 492 0.014196173498343038 1 0 0.6 0.5999850001874985
83 498 0.012112955667672034 1 0 0.6 0.5999850001874985
84 504 0.009593915874327175 1 0 0.6 0.5999850001874985
85 510 0.008731916052649728 1 0 0.6 0.5999850001874985
86 516 0.008652179692915549 1 0 0.6 0.5999850001874985
87 522 0.00762575213477972 1 0 0.6 0.5999850001874985
88 528 0.006252423525046454 1 0 0.6 0.5999850001874985
89 534 0.005790192724372517 1 0 0.6 0.5999850001874985
90 540 0.0055091862638138945 1 0 0.6 0.5999850001874985
91 546 0.005001381249319228 1 0 0.6 0.5999850001874985
92 552 0.004223697554399478 1 0 0.6 0.5999850001874985
93 558 0.003730304433689769 1 0 0.6 0.5999850001874985
94 564 0.002777184507484001 1 0 0.6 0.5999850001874985
95 570 0.002040697098762756 1 0 0.6 0.5999850001874985
96 576 0.001538245260357966 1 0 0.6 0.5999850001874985
97 582 0.0016622785632079092 1 0 0.6 0.5999850001874985
98 588 0.00127822435919595 1 0 0.6 0.5999850001874985
99 594 0.001224832240740255 1 0 0.6 0.5999850001874985
100 600 0.000985191930583327 1 0 0.6 0.5999850001874985
101 606 0.0010072011148524456 1 0 0.6 0.5999850001874985
102 612 0.0009841450419810847 1 0 0.6 0.5999850001874985
103 618 0.0008369338467248874 1 0 0.6 0.5999850001874985
104 624 0.0008119301939640736 1 0 0.6 0.5999850001874985
105 630 0.0007422327125690797 1 0 0.6 0.5999850001874985
106 636 0.0005536520686897938 1 0 0.6 0.5999850001874985
107 642 0.0004550724485032608 1 0 0.6 0.5999850001874985
108 648 0.0004154970878443179 1 0 0.6 0.5999850001874985
109 654 0.00033313818782189077 1 0 0.6 0.5999850001874985
110 660 0.00034399640786147447 1 0 0.6 0.5999850001874985
111 666 0.0002871464764784357 1 0 0.6 0.5999850001874985
112 672 0.00027532921614029776 1 0 0.6 0.5999850001874985
113 678 0.00033732442713643143 1 0 0.6 0.5999850001874985
114 684 0.0002632427259904431 1 0 0.6 0.5999850001874985
115 690 0.00021028964172695438 1 0 0.6 0.5999850001874985
116 696 0.00018053066143306512 1 0 0.6 0.5999850001874985
117 702 0.0001518455873017408 1 0 0.6 0.5999850001874985
118 708 0.0001216958335208701 1 0 0.6 0.5999850001874985
118 708 0.0001216958335208701 1 0 0.6 0.5999850001874985
