% # columns="iteration, evaluation, sigma, max axis length,  min axis length, all principal axes lengths  (sorted square roots of eigenvalues of C)", seed=578836, Sun Sep 27 23:00:26 2026
1 6 1.7735287374692124 1.0000250003125026 1.0 1.0 1.0000250003125026
2 12 2.3994949853207954 1.26923899987843 0.9315566080605477 0.9315566080605477 1.26923899987843
3 18 3.0978389888932303 1.3187340271534704 0.7949287000373978 0.7949287000373978 1.3187340271534704
4 24 2.9934299692159803 1.3529545039129813 0.7723918734859995 0.7723918734859995 1.3529545039129813
5 30 2.4687270427548174 1.2948218425604383 0.6736221703061724 0.6736221703061724 1.2948218425604383
6 36 2.256144983464805 1.180356586659342 0.5820160133554847 0.5820160133554847 1.180356586659342
7 42 1.6629889242595415 1.1134167889315332 0.532059348380182 0.532059348380182 1.1134167889315332
8 48 1.8485170950447176 1.0610255553851033 0.4265524084290987 0.4265524084290987 1.0610255553851033
9 54 2.05199977449637 1.1950167460953285 0.4052874188304526 0.4052874188304526 1.1950167460953285
10 60 2.0083495701191625 1.119441246406759 0.4161216315224927 0.4161216315224927 1.119441246406759
11 66 1.9087924487418086 1.0577870736612165 0.383030595752293 0.383030595752293 1.0577870736612165
12 72 1.5377412828794217 1.0933404373224223 0.35451497758796147 0.35451497758796147 1.0933404373224223
13 78 1.2191050290641323 1.1093958076285322 0.28853427611954297 0.28853427611954297 1.1093958076285322
14 84 1.1275877887311385 1.0320031498085644 0.26763664384293234 0.26763664384293234 1.0320031498085644
15 90 0.9536576439451191 1.0184226506834992 0.23495644072378055 0.23495644072378055 1.0184226506834992
16 96 0.8491616346817331 0.9434179600609925 0.20176236132340836 0.20176236132340836 0.9434179600609925
17 102 0.8001625434054117 0.9078233952356136 0.1763736219244408 0.1763736219244408 0.9078233952356136
18 108 0.6393659878962831 0.864750888787416 0.16202983765252885 0.16202983765252885 0.864750888787416
19 114 0.4469477301366065 0.7534454419674462 0.14288803447020937 0.14288803447020937 0.7534454419674462
20 120 0.5270584254528371 0.7122200215985599 0.11307075608475159 0.11307075608475159 0.7122200215985599
21 126 0.6778367160359973 0.8008875134835185 0.10939866722937099 0.10939866722937099 0.8008875134835185
22 132 0.7660400051355948 0.7920285700374063 0.11392312904008937 0.11392312904008937 0.7920285700374063
23 138 0.7012253326002307 0.6694389440435622 0.11861296959949418 0.11861296959949418 0.6694389440435622
24 144 0.53913076942783 0.6184752913348941 0.10538022222732969 0.10538022222732969 0.6184752913348941
25 150 0.6127438008969923 0.5262521439907868 0.09640003783212191 0.09640003783212191 0.5262521439907868
26 156 0.5630690084237943 0.5728757468441332 0.09124925559308808 0.09124925559308808 0.5728757468441332
27 162 0.5596644986409883 0.4952864264502098 0.0872592758089769 0.0872592758089769 0.4952864264502098
28 168 0.7362021875517938 0.5072189452662799 0.07511439912970987 0.07511439912970987 0.5072189452662799
29 174 0.7167493989647121 0.5774611955167562 0.07219978595356234 0.07219978595356234 0.5774611955167562
30 180 0.7307969523433411 0.591797772108377 0.057497594640059976 0.057497594640059976 0.591797772108377
31 186 0.7258182768231602 0.5276032654871725 0.05682755756313471 0.05682755756313471 0.5276032654871725
32 192 0.75389345866426 0.4665604866805199 0.056037608017955445 0.056037608017955445 0.4665604866805199
33 198 0.8280436310791299 0.4511905964295703 0.05407149831916608 0.05407149831916608 0.4511905964295703
34 204 0.975332498305129 0.42041694090104764 0.05236692958939415 0.05236692958939415 0.42041694090104764
35 210 1.232540242554198 0.4132086778534357 0.050927346054439215 0.050927346054439215 0.4132086778534357
36 216 1.3374236331572085 0.38939625603511424 0.05312928322348859 0.05312928322348859 0.38939625603511424
37 222 1.3952732679833966 0.42384683186036487 0.04573755915205385 0.04573755915205385 0.42384683186036487
38 228 1.251414811067278 0.4384138625835226 0.040834359439287045 0.040834359439287045 0.4384138625835226
39 234 1.30661209657154 0.3496940957325552 0.039988524620272574 0.039988524620272574 0.3496940957325552
40 240 1.7799156901925433 0.4031708940862703 0.031367921181166915 0.031367921181166915 0.4031708940862703
41 246 1.8936625389776267 0.4685400615260959 0.031459836359132756 0.031459836359132756 0.4685400615260959
42 252 1.647792199662273 0.44244090236539585 0.02939148109187245 0.02939148109187245 0.44244090236539585
43 258 1.4187167840921815 0.39698140213108957 0.026916068632409768 0.026916068632409768 0.39698140213108957
44 264 1.1810750696029841 0.3571077142350951 0.024535527413379304 0.024535527413379304 0.3571077142350951
45 270 1.092100526569339 0.3099819651171672 0.022218074350898308 0.022218074350898308 0.3099819651171672
46 276 0.852765606795878 0.2781383388513205 0.021932862361394537 0.021932862361394537 0.2781383388513205
47 282 0.6876521656346397 0.2450848859383151 0.019410581823325147 0.019410581823325147 0.2450848859383151
48 288 0.5442067026364497 0.21796332000991636 0.017776786745922857 0.017776786745922857 0.21796332000991636
49 294 0.4954919616292731 0.18013986521781372 0.016599413962077945 0.016599413962077945 0.18013986521781372
50 300 0.38827359324542465 0.1618636633313908 0.016458421327626354 0.016458421327626354 0.1618636633313908
51 306 0.4210600948894179 0.14559417442561656 0.014295048048390628 0.014295048048390628 0.14559417442561656
52 312 0.39026037208226055 0.1326119222355809 0.015016700410561835 0.015016700410561835 0.1326119222355809
53 318 0.4101112248930401 0.12553759312564924 0.013259308220394223 0.013259308220394223 0.12553759312564924
54 324 0.5977132661093421 0.10527841206344336 0.014146356067560012 0.014146356067560012 0.10527841206344336
55 330 0.9219283696427688 0.11591568208468335 0.016088605784063244 0.016088605784063244 0.11591568208468335
56 336 0.9995601356734656 0.11340479596667397 0.016418083862715295 0.016418083862715295 0.11340479596667397
57 342 1.4785571600382115 0.10165268776711975 0.014820212242343464 0.014820212242343464 0.10165268776711975
58 348 1.2648815089003245 0.09547397053263208 0.015609796367309154 0.015609796367309154 0.09547397053263208
59 354 1.034514296447327 0.09268022331644901 0.014878137217465169 0.014878137217465169 0.09268022331644901
60 360 1.1541516685659414 0.09015558312310847 0.012652468266789103 0.012652468266789103 0.09015558312310847
61 366 0.8543587079145333 0.10714468827399427 0.010725506417439676 0.010725506417439676 0.10714468827399427
62 372 0.7540761769854784 0.09820068779452515 0.009209925685645607 0.009209925685645607 0.09820068779452515
63 378 0.6332400624480274 0.08183890758593651 0.009081438040521733 0.009081438040521733 0.08183890758593651
64 384 0.9823716326028109 0.07439070433255023 0.008339384022349424 0.008339384022349424 0.07439070433255023
65 390 1.1092303328474657 0.07090995231034829 0.009390195253273616 0.009390195253273616 0.07090995231034829
66 396 0.8309706311738009 0.06264104358780405 0.008411062001294621 0.008411062001294621 0.06264104358780405
67 402 0.7277333820091964 0.059278927320179954 0.006862543103929884 0.006862543103929884 0.059278927320179954
68 408 0.6352285697826225 0.059233391690430445 0.005741935236494383 0.005741935236494383 0.059233391690430445
69 414 0.5482491448262217 0.057300087094413754 0.004849998048610639 0.004849998048610639 0.057300087094413754
70 420 0.741008506493352 0.05019479834335088 0.004658036245518259 0.004658036245518259 0.05019479834335088
71 426 1.043843260378827 0.05453189203901283 0.005060671057410594 0.005060671057410594 0.05453189203901283
72 432 1.8902687089697905 0.062266505106601325 0.00463093862710939 0.00463093862710939 0.062266505106601325
73 438 2.080043270847293 0.06355942670955922 0.005004115185888333 0.005004115185888333 0.06355942670955922
74 444 2.2848041104118852 0.052145538117774934 0.00490874322343509 0.00490874322343509 0.052145538117774934
75 450 1.669816111506672 0.047132679908338956 0.0048690999585940435 0.0048690999585940435 0.047132679908338956
76 456 1.3713624536945435 0.04188682724270608 0.004502467732040832 0.004502467732040832 0.04188682724270608
77 462 1.7514589397802474 0.033627188024510285 0.004392913475048161 0.004392913475048161 0.033627188024510285
78 468 1.389785737714723 0.026841934214845747 0.006003831486162019 0.006003831486162019 0.026841934214845747
79 474 1.0913090842052775 0.023873526521712964 0.006003654198816478 0.006003654198816478 0.023873526521712964
80 480 0.8388557800507386 0.022707899352053824 0.004887157005432008 0.004887157005432008 0.022707899352053824
81 486 0.6339762756893661 0.019011108493366853 0.004503971632438206 0.004503971632438206 0.019011108493366853
82 492 0.501698574002895 0.016473736010570495 0.00404960392825466 0.00404960392825466 0.016473736010570495
83 498 0.41306200028093776 0.015721147206364708 0.003273843953035999 0.003273843953035999 0.015721147206364708
84 504 0.3404238279614555 0.015736917662163636 0.002583934160423421 0.002583934160423421 0.015736917662163636
85 510 0.278979630913883 0.014040462816584784 0.0023657587127037284 0.0023657587127037284 0.014040462816584784
86 516 0.2424899635371384 0.014422755243727488 0.0018570972116453283 0.0018570972116453283 0.014422755243727488
87 522 0.19108420279453894 0.013496169799221778 0.0016127483243613603 0.0016127483243613603 0.013496169799221778
88 528 0.15795714839540193 0.012264562815298993 0.001372915616030621 0.001372915616030621 0.012264562815298993
89 534 0.11834432976740014 0.011120609774342623 0.0012242318667627886 0.0012242318667627886 0.011120609774342623
90 540 0.08770189582187975 0.010268051500336082 0.0010132255619469564 0.0010132255619469564 0.010268051500336082
91 546 0.0933268444244301 0.00959469420689238 0.0008248389748585618 0.0008248389748585618 0.00959469420689238
92 552 0.07975794021183888 0.008427466598413572 0.0008949239154005714 0.0008949239154005714 0.008427466598413572
93 558 0.0685441999276038 0.0078022658644994695 0.0007876742331739109 0.0007876742331739109 0.0078022658644994695
94 564 0.069972525389616 0.007432940421432114 0.000677618972700871 0.000677618972700871 0.007432940421432114
95 570 0.054999415857401604 0.006952528919166533 0.0006916083120679492 0.0006916083120679492 0.006952528919166533
96 576 0.03958117443057812 0.005867612701620529 0.0006752197565132096 0.0006752197565132096 0.005867612701620529
97 582 0.032839289899215626 0.005119144313692428 0.0005949574735200507 0.0005949574735200507 0.005119144313692428
98 588 0.02563910123083582 0.004191432288897133 0.000580161745127061 0.000580161745127061 0.004191432288897133
99 594 0.019706424689593063 0.003736967855283846 0.0005010008401238102 0.0005010008401238102 0.003736967855283846
100 600 0.015883598837189535 0.0033717433881916272 0.00043641567089056706 0.00043641567089056706 0.0033717433881916272
101 606 0.01438719946133795 0.0031150128148081423 0.000371721910562036 0.000371721910562036 0.0031150128148081423
102 612 0.012068359756260317 0.0029364140318586932 0.0003315525851139288 0.0003315525851139288 0.0029364140318586932
103 618 0.009506990706852413 0.0028420691306433616 0.00027683258080603935 0.00027683258080603935 0.0028420691306433616
104 624 0.008085197967191067 0.002433423737329812 0.00026791987739385037 0.00026791987739385037 0.002433423737329812
105 630 0.0069858388818709065 0.0020407436947341797 0.00025870183494657256 0.00025870183494657256 0.0020407436947341797
106 636 0.0060982549212586735 0.0019388033527237077 0.00022154484159018616 0.00022154484159018616 0.0019388033527237077
107 642 0.00518532873876528 0.0018545816951014244 0.00018971373106760168 0.00018971373106760168 0.0018545816951014244
108 648 0.0036469696367066526 0.0017655810384655812 0.0001629498441484162 0.0001629498441484162 0.0017655810384655812
109 654 0.0027048527460541353 0.0016781620040528839 0.00012886849782697571 0.00012886849782697571 0.0016781620040528839
110 660 0.002209376746325654 0.0013216513082846884 0.00012497535157506094 0.00012497535157506094 0.0013216513082846884
111 666 0.00201568423906082 0.0013199493134423922 9.880202217543084e-05 9.880202217543084e-05 0.0013199493134423922
112 672 0.0016171648638707075 0.001247925865079369 8.773207716014811e-05 8.773207716014811e-05 0.001247925865079369
113 678 0.0014280113872756316 0.0010792899237364734 8.021927965857303e-05 8.021927965857303e-05 0.0010792899237364734
114 684 0.001153547131806843 0.0009180665840066082 7.989323217086295e-05 7.989323217086295e-05 0.0009180665840066082
115 690 0.0008512324444792411 0.0008190919965812074 6.921892996959977e-05 6.921892996959977e-05 0.0008190919965812074
116 696 0.0007105879587654448 0.0006893989909355314 6.362604098647289e-05 6.362604098647289e-05 0.0006893989909355314
117 702 0.0006833914499076428 0.0006514869317211872 5.5206957313735316e-05 5.5206957313735316e-05 0.0006514869317211872
118 708 0.0005070588027522213 0.000626712559308474 4.968483263998498e-05 4.968483263998498e-05 0.000626712559308474
119 714 0.00043951093387450664 0.0005332260321159571 4.457984510639294e-05 4.457984510639294e-05 0.0005332260321159571
120 720 0.0003864210401036975 0.0004884572291798192 4.024373021952404e-05 4.024373021952404e-05 0.0004884572291798192
121 726 0.0004625306745186605 0.000412607446326599 3.8795914461015514e-05 3.8795914461015514e-05 0.000412607446326599
122 732 0.00041205525763900284 0.00048193645040730415 3.871134931350422e-05 3.871134931350422e-05 0.00048193645040730415
123 738 0.0004092903341993911 0.0005200653724178253 3.331604216248964e-05 3.331604216248964e-05 0.0005200653724178253
123 738 0.0004092903341993911 0.0005200653724178253 3.331604216248964e-05 3.331604216248964e-05 0.0005200653724178253
