% # columns="iteration, evaluation, min max(neg(.)) min(pos(.)) max correlation, correlation matrix principal axes lengths  (sorted square roots of eigenvalues of correlation matrix)", seed=578836, Sun Sep 27 23:00:26 2026
1 6 -0.21240774698658105 -0.21240774698658105 -0.21240774698658105 -0.21240774698658105 0.887463944627284 1.1010938865449127
2 12 -0.31085382057554417 -0.31085382057554417 -0.31085382057554417 -0.31085382057554417 0.887463944627284 1.1010938865449127
3 18 -0.14272163432985344 -0.14272163432985344 -0.14272163432985344 -0.14272163432985344 0.9258932798493285 1.0689815874606323
4 24 -0.109063474276674 -0.109063474276674 -0.109063474276674 -0.109063474276674 0.9258932798493285 1.0689815874606323
5 30 -0.20334209490326854 -0.20334209490326854 -0.20334209490326854 -0.20334209490326854 0.8925569478171864 1.096969505001515
6 36 -0.2688479842541098 -0.2688479842541098 -0.2688479842541098 -0.2688479842541098 0.8925569478171864 1.096969505001515
7 42 -0.2649811140810823 -0.2649811140810823 -0.2649811140810823 -0.2649811140810823 0.8573324243949472 1.1247137920738246
8 48 -0.36934447725612785 -0.36934447725612785 -0.36934447725612785 -0.36934447725612785 0.8573324243949472 1.1247137920738246
9 54 -0.14092723832218187 -0.14092723832218187 -0.14092723832218187 -0.14092723832218187 0.9268617813233094 1.0681419560724041
10 60 0.037216453392473293 0.037216453392473293 0.037216453392473293 0.037216453392473293 0.9268617813233094 1.0681419560724041
11 66 0.15358446325669078 0.15358446325669078 0.15358446325669078 0.15358446325669078 0.9200084438434841 1.0740504938114832
12 72 0.07427747929903353 0.07427747929903353 0.07427747929903353 0.07427747929903353 0.9200084438434841 1.0740504938114832
13 78 0.05892849508404968 0.05892849508404968 0.05892849508404968 0.05892849508404968 0.9700884005676752 1.0290425137398598
14 84 0.06834055891000707 0.06834055891000707 0.06834055891000707 0.06834055891000707 0.9700884005676752 1.0290425137398598
15 90 -0.07878720765252628 -0.07878720765252628 -0.07878720765252628 -0.07878720765252628 0.9597983081603518 1.0386468156464574
16 96 -0.17626494630055975 -0.17626494630055975 -0.17626494630055975 -0.17626494630055975 0.9597983081603518 1.0386468156464574
17 102 -0.360345597407599 -0.360345597407599 -0.360345597407599 -0.360345597407599 0.7997839724528123 1.166338543223021
18 108 -0.516187039084877 -0.516187039084877 -0.516187039084877 -0.516187039084877 0.7997839724528123 1.166338543223021
19 114 -0.641230236192865 -0.641230236192865 -0.641230236192865 -0.641230236192865 0.5989739258157527 1.2811050839774483
20 120 -0.8185334543818134 -0.8185334543818134 -0.8185334543818134 -0.8185334543818134 0.5989739258157527 1.2811050839774483
21 126 -0.8538821479254974 -0.8538821479254974 -0.8538821479254974 -0.8538821479254974 0.38225364887009583 1.3615734089374312
22 132 -0.8350748421655584 -0.8350748421655584 -0.8350748421655584 -0.8350748421655584 0.38225364887009583 1.3615734089374312
23 138 -0.8691946986646193 -0.8691946986646193 -0.8691946986646193 -0.8691946986646193 0.3616701554391523 1.3671849540806904
24 144 -0.8662947168089304 -0.8662947168089304 -0.8662947168089304 -0.8662947168089304 0.3616701554391523 1.3671849540806904
25 150 -0.8685419501357424 -0.8685419501357424 -0.8685419501357424 -0.8685419501357424 0.3625714410488748 1.3669462133294574
26 156 -0.8575940094762502 -0.8575940094762502 -0.8575940094762502 -0.8575940094762502 0.3625714410488748 1.3669462133294574
27 162 -0.889906486872952 -0.889906486872952 -0.889906486872952 -0.889906486872952 0.3318034254299491 1.3747386976705618
28 168 -0.9410349488558359 -0.9410349488558359 -0.9410349488558359 -0.9410349488558359 0.3318034254299491 1.3747386976705618
29 174 -0.9641869801419378 -0.9641869801419378 -0.9641869801419378 -0.9641869801419378 0.1892432822006165 1.40149455230548
30 180 -0.9595257782903133 -0.9595257782903133 -0.9595257782903133 -0.9595257782903133 0.1892432822006165 1.40149455230548
31 186 -0.9495733093348814 -0.9495733093348814 -0.9495733093348814 -0.9495733093348814 0.22455888017426265 1.3962712162523732
32 192 -0.952182244962549 -0.952182244962549 -0.952182244962549 -0.952182244962549 0.22455888017426265 1.3962712162523732
33 198 -0.9547184397791744 -0.9547184397791744 -0.9547184397791744 -0.9547184397791744 0.21279464330858003 1.3981124560560836
34 204 -0.960080438510415 -0.960080438510415 -0.960080438510415 -0.960080438510415 0.21279464330858003 1.3981124560560836
35 210 -0.9560920037431399 -0.9560920037431399 -0.9560920037431399 -0.9560920037431399 0.20954234955459503 1.3986035906371541
36 216 -0.9727306271934536 -0.9727306271934536 -0.9727306271934536 -0.9727306271934536 0.20954234955459503 1.3986035906371541
37 222 -0.9804330183509581 -0.9804330183509581 -0.9804330183509581 -0.9804330183509581 0.13988202761270666 1.4072785859064858
38 228 -0.9711654053747214 -0.9711654053747214 -0.9711654053747214 -0.9711654053747214 0.13988202761270666 1.4072785859064858
39 234 -0.9866279041542907 -0.9866279041542907 -0.9866279041542907 -0.9866279041542907 0.1156377786266643 1.4094778835279007
40 240 -0.9903675935075782 -0.9903675935075782 -0.9903675935075782 -0.9903675935075782 0.1156377786266643 1.4094778835279007
41 246 -0.9905746255350161 -0.9905746255350161 -0.9905746255350161 -0.9905746255350161 0.09708436776836843 1.4108772538867498
42 252 -0.9901022794589879 -0.9901022794589879 -0.9901022794589879 -0.9901022794589879 0.09708436776836843 1.4108772538867498
43 258 -0.9898028246245509 -0.9898028246245509 -0.9898028246245509 -0.9898028246245509 0.10098106444006805 1.4106037092764754
44 264 -0.9887678836794961 -0.9887678836794961 -0.9887678836794961 -0.9887678836794961 0.10098106444006805 1.4106037092764754
45 270 -0.9863708314293079 -0.9863708314293079 -0.9863708314293079 -0.9863708314293079 0.11674403012870492 1.409386686267934
46 276 -0.9861640549086262 -0.9861640549086262 -0.9861640549086262 -0.9861640549086262 0.11674403012870492 1.409386686267934
47 282 -0.9854763398559493 -0.9854763398559493 -0.9854763398559493 -0.9854763398559493 0.1205141491446156 1.4090693169095512
48 288 -0.981769317012499 -0.981769317012499 -0.981769317012499 -0.981769317012499 0.1205141491446156 1.4090693169095512
49 294 -0.9773027806249068 -0.9773027806249068 -0.9773027806249068 -0.9773027806249068 0.15065596362272923 1.4061659861570066
50 300 -0.9781706916958003 -0.9781706916958003 -0.9781706916958003 -0.9781706916958003 0.15065596362272923 1.4061659861570066
51 306 -0.9696181300942632 -0.9696181300942632 -0.9696181300942632 -0.9696181300942632 0.1743039583765582 1.4034308426474968
52 312 -0.9721985280204275 -0.9721985280204275 -0.9721985280204275 -0.9721985280204275 0.1743039583765582 1.4034308426474968
53 318 -0.9542574816934493 -0.9542574816934493 -0.9542574816934493 -0.9542574816934493 0.2138750062689674 1.3979475961900178
54 324 -0.9450858015094963 -0.9450858015094963 -0.9450858015094963 -0.9450858015094963 0.2138750062689674 1.3979475961900178
55 330 -0.9385666132846227 -0.9385666132846227 -0.9385666132846227 -0.9385666132846227 0.24785759362056553 1.3923241767938324
56 336 -0.9369345160817195 -0.9369345160817195 -0.9369345160817195 -0.9369345160817195 0.24785759362056553 1.3923241767938324
57 342 -0.9159695317201331 -0.9159695317201331 -0.9159695317201331 -0.9159695317201331 0.28988009293476324 1.3841855120323046
58 348 -0.9069923978128595 -0.9069923978128595 -0.9069923978128595 -0.9069923978128595 0.28988009293476324 1.3841855120323046
59 354 -0.9301108232933405 -0.9301108232933405 -0.9301108232933405 -0.9301108232933405 0.2643656118080783 1.3892842845484652
60 360 -0.9590122592524494 -0.9590122592524494 -0.9590122592524494 -0.9590122592524494 0.2643656118080783 1.3892842845484652
61 366 -0.9614270719525325 -0.9614270719525325 -0.9614270719525325 -0.9614270719525325 0.19639991865443207 1.4005095758160786
62 372 -0.9493140177487013 -0.9493140177487013 -0.9493140177487013 -0.9493140177487013 0.19639991865443207 1.4005095758160786
63 378 -0.9450306778018428 -0.9450306778018428 -0.9450306778018428 -0.9450306778018428 0.2344553735749243 1.3946435665795913
64 384 -0.9178245944594262 -0.9178245944594262 -0.9178245944594262 -0.9178245944594262 0.2344553735749243 1.3946435665795913
65 390 -0.9079278936967399 -0.9079278936967399 -0.9079278936967399 -0.9079278936967399 0.3034338582018497 1.3812776309260713
66 396 -0.9250912041304363 -0.9250912041304363 -0.9250912041304363 -0.9250912041304363 0.3034338582018497 1.3812776309260713
67 402 -0.9384143927107563 -0.9384143927107563 -0.9384143927107563 -0.9384143927107563 0.24816447628386223 1.3922695115209398
68 408 -0.9576659007991448 -0.9576659007991448 -0.9576659007991448 -0.9576659007991448 0.24816447628386223 1.3922695115209398
69 414 -0.9424102139380646 -0.9424102139380646 -0.9424102139380646 -0.9424102139380646 0.2399787200189537 1.3937037755341213
70 420 -0.9264827122234305 -0.9264827122234305 -0.9264827122234305 -0.9264827122234305 0.2399787200189537 1.3937037755341213
71 426 -0.9309326130978414 -0.9309326130978414 -0.9309326130978414 -0.9309326130978414 0.26280674820513733 1.389580013204652
72 432 -0.9183137270274196 -0.9183137270274196 -0.9183137270274196 -0.9183137270274196 0.26280674820513733 1.389580013204652
73 438 -0.8938143323912615 -0.8938143323912615 -0.8938143323912615 -0.8938143323912615 0.3258614239346818 1.376159268540986
74 444 -0.8586380293060776 -0.8586380293060776 -0.8586380293060776 -0.8586380293060776 0.3258614239346818 1.376159268540986
75 450 -0.8502089912105811 -0.8502089912105811 -0.8502089912105811 -0.8502089912105811 0.38702843408387805 1.360223875400877
76 456 -0.7977420269676733 -0.7977420269676733 -0.7977420269676733 -0.7977420269676733 0.38702843408387805 1.360223875400877
77 462 -0.4848467435775299 -0.4848467435775299 -0.4848467435775299 -0.4848467435775299 0.7177417755867845 1.2185428772010978
78 468 -0.4722826811264005 -0.4722826811264005 -0.4722826811264005 -0.4722826811264005 0.7177417755867845 1.2185428772010978
79 474 -0.4373112098552916 -0.4373112098552916 -0.4373112098552916 -0.4373112098552916 0.7501258495377349 1.1988791473102247
80 480 -0.2589042600540974 -0.2589042600540974 -0.2589042600540974 -0.2589042600540974 0.7501258495377349 1.1988791473102247
81 486 -0.11483601618418013 -0.11483601618418013 -0.11483601618418013 -0.11483601618418013 0.9408315384891281 1.0558579526547025
82 492 -0.234776996205867 -0.234776996205867 -0.234776996205867 -0.234776996205867 0.9408315384891281 1.0558579526547025
83 498 -0.3686615383956615 -0.3686615383956615 -0.3686615383956615 -0.3686615383956615 0.7945680975248997 1.1698980888930717
84 504 -0.24247055614304633 -0.24247055614304633 -0.24247055614304633 -0.24247055614304633 0.7945680975248997 1.1698980888930717
85 510 -0.21727297214052094 -0.21727297214052094 -0.21727297214052094 -0.21727297214052094 0.8847186150745779 1.103300943596316
86 516 -0.11375909959994776 -0.11375909959994776 -0.11375909959994776 -0.11375909959994776 0.8847186150745779 1.103300943596316
87 522 0.0923322363656453 0.0923322363656453 0.0923322363656453 0.0923322363656453 0.9527159931660405 1.0451469927075547
88 528 0.21934419816029782 0.21934419816029782 0.21934419816029782 0.21934419816029782 0.9527159931660405 1.0451469927075547
89 534 0.09776686612684318 0.09776686612684318 0.09776686612684318 0.09776686612684318 0.9498595337591536 1.0477437024992529
90 540 -0.04900056681359566 -0.04900056681359566 -0.04900056681359566 -0.04900056681359566 0.9498595337591536 1.0477437024992529
91 546 -0.19335082696813072 -0.19335082696813072 -0.19335082696813072 -0.19335082696813072 0.8981365002224713 1.0924059808368547
92 552 -0.4257341334671664 -0.4257341334671664 -0.4257341334671664 -0.4257341334671664 0.8981365002224713 1.0924059808368547
93 558 -0.39489596244133024 -0.39489596244133024 -0.39489596244133024 -0.39489596244133024 0.7778843343059878 1.1810571376700325
94 564 -0.11427159010440624 -0.11427159010440624 -0.11427159010440624 -0.11427159010440624 0.7778843343059878 1.1810571376700325
95 570 0.03504933900083978 0.03504933900083978 0.03504933900083978 0.03504933900083978 0.9823190220082069 1.0173737459758039
96 576 -0.010451907677558919 -0.010451907677558919 -0.010451907677558919 -0.010451907677558919 0.9823190220082069 1.0173737459758039
97 582 -0.028214657976229296 -0.028214657976229296 -0.028214657976229296 -0.028214657976229296 0.9857917335947642 1.0140092001437804
98 588 0.166620301122888 0.166620301122888 0.166620301122888 0.166620301122888 0.9857917335947642 1.0140092001437804
99 594 0.028011907852204615 0.028011907852204615 0.028011907852204615 0.028011907852204615 0.9858945644174104 1.013909220715644
100 600 0.01750288384858982 0.01750288384858982 0.01750288384858982 0.01750288384858982 0.9858945644174104 1.013909220715644
101 606 -0.1528065432934733 -0.1528065432934733 -0.1528065432934733 -0.1528065432934733 0.9204311254550916 1.073688289632272
102 612 -0.21655695151901916 -0.21655695151901916 -0.21655695151901916 -0.21655695151901916 0.9204311254550916 1.073688289632272
103 618 -0.06519449080911471 -0.06519449080911471 -0.06519449080911471 -0.06519449080911471 0.966853406257063 1.0320825988306919
104 624 -0.004886230944392671 -0.004886230944392671 -0.004886230944392671 -0.004886230944392671 0.966853406257063 1.0320825988306919
105 630 -0.13894453978964652 -0.13894453978964652 -0.13894453978964652 -0.13894453978964652 0.9279307410633368 1.0672134462185372
106 636 -0.006166333469426718 -0.006166333469426718 -0.006166333469426718 -0.006166333469426718 0.9279307410633368 1.0672134462185372
107 642 0.070537588441395 0.070537588441395 0.070537588441395 0.070537588441395 0.964086309185337 1.034667863829449
108 648 0.04730884626169383 0.04730884626169383 0.04730884626169383 0.04730884626169383 0.964086309185337 1.034667863829449
109 654 0.09911718584262305 0.09911718584262305 0.09911718584262305 0.09911718584262305 0.9491484679213136 1.0483878985578874
110 660 0.09288668942170342 0.09288668942170342 0.09288668942170342 0.09288668942170342 0.9491484679213136 1.0483878985578874
111 666 0.23475629903177672 0.23475629903177672 0.23475629903177672 0.23475629903177672 0.8747820877042597 1.1111958868857357
112 672 0.2922606680164424 0.2922606680164424 0.2922606680164424 0.2922606680164424 0.8747820877042597 1.1111958868857357
113 678 0.25337067836333116 0.25337067836333116 0.25337067836333116 0.25337067836333116 0.8640771502803837 1.119540387106839
114 684 0.011754190012415714 0.011754190012415714 0.011754190012415714 0.011754190012415714 0.8640771502803837 1.119540387106839
115 690 -0.013846681150220207 -0.013846681150220207 -0.013846681150220207 -0.013846681150220207 0.9930525257254923 1.0068995387575765
116 696 0.04033392905623188 0.04033392905623188 0.04033392905623188 0.04033392905623188 0.9930525257254923 1.0068995387575765
117 702 0.2266468942444104 0.2266468942444104 0.2266468942444104 0.2266468942444104 0.8794049725556422 1.1075409221534032
118 708 0.18148784934996673 0.18148784934996673 0.18148784934996673 0.18148784934996673 0.8794049725556422 1.1075409221534032
119 714 0.3291936033387406 0.3291936033387406 0.3291936033387406 0.3291936033387406 0.8190277142205014 1.1529065891644217
120 720 0.16281247799465143 0.16281247799465143 0.16281247799465143 0.16281247799465143 0.8190277142205014 1.1529065891644217
121 726 0.3760363230808049 0.3760363230808049 0.3760363230808049 0.3760363230808049 0.7899137148570059 1.173045746371728
122 732 0.3860671672326551 0.3860671672326551 0.3860671672326551 0.3860671672326551 0.7899137148570059 1.173045746371728
123 738 0.15105874696104826 0.15105874696104826 0.15105874696104826 0.15105874696104826 0.9213800806610439 1.0728740592264538
123 738 0.15105874696104826 0.15105874696104826 0.15105874696104826 0.15105874696104826 0.9213800806610439 1.0728740592264538
