% # columns="iteration, evaluation, sigma, axis ratio, bestever, best, median, worst objective function value, interquartile range, further/more values", seed=578836, Sun Sep 27 23:00:26 2026, <python>{}</python>
1 6 1.7735287374692124 1.0000250003125026 2.737395251970309 2.7373952519703089e+00 24.243431562690542 87.33982758841975 62.42621516879062   
2 12 2.3994949853207954 1.362492616010657 2.737395251970309 4.1209554180780987e+00 16.554887875691985 124.60626431703977 42.56794784377538   
3 18 3.0978389888932303 1.6589337220953653 0.5411440257785056 5.4114402577850562e-01 13.06147337515899 29.479261370655863 20.63804706525514   
4 24 2.9934299692159803 1.7516425927771044 0.5411440257785056 1.4564734104740564e+00 34.47140552802879 104.66622535443399 60.97863631831552   
5 30 2.4687270427548174 1.922178187769444 0.19726178525753035 1.9726178525753035e-01 25.147909761759898 47.76599177870083 25.66214931194839   
6 36 2.256144983464805 2.0280483003453065 0.19726178525753035 1.3646876968103463e+00 7.930006770975588 98.64110565140037 24.1897002891281   
7 42 1.6629889242595415 2.092655250436354 0.19726178525753035 5.9427966264572096e-01 5.956429271879704 17.2064527146838 7.630523899242908   
8 48 1.8485170950447176 2.487444765093775 0.19726178525753035 1.5698352802249977e+00 6.529962830999876 14.173818691637614 2.9972308919634556   
9 54 2.05199977449637 2.948566105367436 0.19726178525753035 2.4720249532876659e+00 5.287562341403269 9.154163970942294 5.952362875590927   
10 60 2.0083495701191625 2.690177971068177 0.19726178525753035 4.2759179987005318e+00 16.658341859720487 45.6578255281707 13.401594349323474   
11 66 1.9087924487418086 2.7616255343353577 0.19726178525753035 1.1715181544895903e+00 4.833401154991801 24.016798300661435 16.46931480871057   
12 72 1.5377412828794217 3.0840458272348874 0.19726178525753035 5.2072247558383733e-01 5.395029605328392 16.47918865280591 10.50713369221928   
13 78 1.2191050290641323 3.844935938109818 0.19726178525753035 1.3102971707044206e+00 2.7232600599274512 10.290445948289937 2.093900740086195   
14 84 1.1275877887311385 3.855985992763439 0.19726178525753035 7.7334681883716372e-01 2.0203695885787756 6.0856370081941815 3.280205625089552   
15 90 0.9536576439451191 4.334516847234577 0.19726178525753035 6.4531739293527191e-01 1.0381971356862865 1.367335941247621 0.3380346345208247   
16 96 0.8491616346817331 4.675886790147007 0.19726178525753035 5.6215892406571910e-01 1.0953038668093433 1.4982342765192151 0.6355372303565933   
17 102 0.8001625434054117 5.147160813109167 0.19726178525753035 4.8550982106333768e-01 0.7433785447705343 1.1585771088186854 0.11107326810939389   
18 108 0.6393659878962831 5.336985467095662 0.19726178525753035 5.2027180588322142e-01 0.6758313182903432 1.7359172469051702 0.13268050336253423   
19 114 0.4469477301366065 5.27297785823019 0.19726178525753035 5.2554626356060696e-01 0.6505702188840217 0.8280330453220187 0.12383589221030034   
20 120 0.5270584254528371 6.2988879376088995 0.19726178525753035 4.3657374429918672e-01 0.6026612952715513 0.7900122925985011 0.15914886036040143   
21 126 0.6778367160359973 7.320816000475908 0.19726178525753035 4.1486425572959712e-01 0.5647917555295336 0.6495546461239095 0.15578870089826546   
22 132 0.7660400051355948 6.952307022384302 0.19726178525753035 3.8756604267011180e-01 0.520554310128689 0.6054874184780976 0.1328225377539271   
23 138 0.7012253326002307 5.643893296862681 0.19726178525753035 3.8869962238889033e-01 0.5997919584722534 0.7773213964615637 0.32010772403265336   
24 144 0.53913076942783 5.868988300296984 0.19726178525753035 3.8952417149722773e-01 0.4819306875427812 0.6834119569342841 0.04222047502903753   
25 150 0.6127438008969923 5.4590449944349695 0.19726178525753035 3.6565770968582290e-01 0.39137466839423546 0.475262053542685 0.022888983898008697   
26 156 0.5630690084237943 6.2781415927247 0.19726178525753035 3.3973322740186568e-01 0.4178060985318257 0.5183356117510362 0.12164962677298574   
27 162 0.5596644986409883 5.676031824220763 0.19726178525753035 3.2445557614338744e-01 0.37749805429022004 0.4213846440296483 0.07027201556582885   
28 168 0.7362021875517938 6.7526193531868435 0.19726178525753035 3.0065038824254570e-01 0.39532157304431886 0.4743230330912839 0.115984974850176   
29 174 0.7167493989647121 7.998101211659676 0.19726178525753035 3.2401423306214550e-01 0.40226124490409865 0.7572268873363579 0.07798612445439951   
30 180 0.7307969523433411 10.292565729281083 0.19726178525753035 2.8552331311925822e-01 0.33068482454227877 0.6371278768736574 0.30570906566604744   
31 186 0.7258182768231602 9.284285443748164 0.19726178525753035 2.5486216318869298e-01 0.3106121206692213 0.4108754681187912 0.03470337391138539   
32 192 0.75389345866426 8.325845859284815 0.19726178525753035 2.3576391286764237e-01 0.29499079023678854 0.3279164973660866 0.045866406868148024   
33 198 0.8280436310791299 8.344333159890304 0.19726178525753035 2.2787279312574094e-01 0.27760640418524 0.3444348473313945 0.06821645383094538   
34 204 0.975332498305129 8.028290835409118 0.19726178525753035 2.0349332341526458e-01 0.22372293830970832 0.27765234704295405 0.032055708846153   
35 210 1.232540242554198 8.113689596385658 0.17298626714804696 1.7298626714804696e-01 0.20371040121473305 0.2485397847528319 0.05997373413523663   
36 216 1.3374236331572085 7.329220957058973 0.14860653656626213 1.4860653656626213e-01 0.22914354313405064 0.48320947486413407 0.06558194503667528   
37 222 1.3952732679833966 9.266931592289222 0.11484448570201199 1.1484448570201199e-01 0.355048815525453 0.3996213042311996 0.16291079777669945   
38 228 1.251414811067278 10.736396226206535 0.11484448570201199 1.2124940927253833e-01 0.12675436800938358 0.25829574890224594 0.03244460415180342   
39 234 1.30661209657154 8.74486115837528 0.11484448570201199 1.1909897065245045e-01 0.13653024324252386 0.15249737063409985 0.017579214071139576   
40 240 1.7799156901925433 12.852968220550471 0.057920319814968625 5.7920319814968625e-02 0.13783340655186374 0.19540625017132074 0.031031837092786257   
41 246 1.8936625389776267 14.893277135247375 0.04412384086105285 4.4123840861052852e-02 0.09756122295337619 8.878260566253841 0.2322896783455098   
42 252 1.647792199662273 15.05337213127864 0.04412384086105285 6.1251156539176024e-02 0.12492038968303062 0.26922321791874815 0.018935633188881654   
43 258 1.4187167840921815 14.748862753793187 0.04412384086105285 4.5968196131390242e-02 0.07650361059611063 0.1372481986794251 0.026834917026420713   
44 264 1.1810750696029841 14.554719294127057 0.04412384086105285 4.9632618330292450e-02 0.08076525554722937 0.11565358434267196 0.03861737967640673   
45 270 1.092100526569339 13.951792591090785 0.04412384086105285 4.4652075338084921e-02 0.06974677474586129 0.10269938734795508 0.012330475622055082   
46 276 0.852765606795878 12.681351584136594 0.04412384086105285 4.6401708629965809e-02 0.059393120803034924 0.09156535915005352 0.03275537314748965   
47 282 0.6876521656346397 12.626354437444194 0.04412384086105285 4.9341287901137613e-02 0.055034682581511236 0.057065572217312566 0.005098248944341993   
48 288 0.5442067026364497 12.261120253349874 0.04412384086105285 4.4534330029280041e-02 0.0483562622007397 0.05707294626700819 0.0070196006934433106   
49 294 0.4954919616292731 10.852182229405855 0.04412384086105285 4.6797464023856310e-02 0.04856670503924672 0.05513156375791698 0.002360737289542468   
50 300 0.38827359324542465 9.834701646608952 0.04412384086105285 4.5075822952075795e-02 0.04757230602389971 0.04976186435360898 0.002218855342471661   
51 306 0.4210600948894179 10.18493774436861 0.04412384086105285 4.4334027957249375e-02 0.045822453634931426 0.048068426930487795 0.0014971282812178063   
52 312 0.39026037208226055 8.830962768779068 0.04412384086105285 4.4523730717843865e-02 0.04662583993122762 0.04757644401607804 0.002086166013725674   
53 318 0.4101112248930401 9.4678840735114 0.04363785763753851 4.3637857637538510e-02 0.045003418541540906 0.05121758387638624 0.0016291732654393556   
54 324 0.5977132661093421 7.442086962936313 0.04295537151292235 4.2955371512922350e-02 0.044321717159832734 0.04472366120549406 0.0013241203091615347   
55 330 0.9219283696427688 7.204830775299683 0.04180341053758241 4.1803410537582408e-02 0.043952924854454824 0.045891938274516694 0.00250066777553163   
56 336 0.9995601356734656 6.907310068272399 0.04180341053758241 4.1845062457735310e-02 0.044498045422329796 0.04912281902429207 0.005690165020405286   
57 342 1.4785571600382115 6.859057488845099 0.04180341053758241 4.2984002732984174e-02 0.04821894486658887 0.060824338113016574 0.007772507134609349   
58 348 1.2648815089003245 6.1162854585713005 0.04180341053758241 4.3980547074349556e-02 0.053130839988080575 0.1446828645768682 0.01873583288345112   
59 354 1.034514296447327 6.229289457530572 0.04180341053758241 4.2148048949618828e-02 0.04350278177438532 0.05178326589632096 0.0010001398952122834   
60 360 1.1541516685659414 7.1255332336816695 0.04180341053758241 4.2242839476557562e-02 0.04603348936846094 0.0657152868232997 0.0061205678191709745   
61 366 0.8543587079145333 9.989709026678403 0.04155865292021099 4.1558652920210992e-02 0.04619069890075118 0.04833165253204548 0.005062287953055196   
62 372 0.7540761769854784 10.66248427471881 0.04102755223693633 4.1027552236936327e-02 0.04267994835747285 0.04629883270042763 0.002309283458196705   
63 378 0.6332400624480274 9.01166833058466 0.04099052732006307 4.0990527320063072e-02 0.04427859715358332 0.04813593740934999 0.003999698590512954   
64 384 0.9823716326028109 8.920407566456257 0.040443370451072484 4.0443370451072484e-02 0.04110486253687644 0.042377345594333364 0.0009209548761472536   
65 390 1.1092303328474657 7.551488589721029 0.040443370451072484 4.0704612185385479e-02 0.041184833234636446 0.042282434441729896 0.0004951620602565779   
66 396 0.8309706311738009 7.447459497761687 0.040443370451072484 4.0505907128302633e-02 0.04104442735205836 0.043233695907075397 0.0018487525101333266   
67 402 0.7277333820091964 8.638040799515482 0.040443370451072484 4.0938629794167673e-02 0.04248027282640076 0.04320046259747078 0.0020880465281288563   
68 408 0.6352285697826225 10.315928210746266 0.040443370451072484 4.0465140300817916e-02 0.04077018847453133 0.04115421018847925 0.0005594761892116773   
69 414 0.5482491448262217 11.81445570082823 0.04035380125834105 4.0353801258341052e-02 0.041247117708408707 0.04210238269047339 0.0009682251644170109   
70 420 0.741008506493352 10.775957012280857 0.04024864055220519 4.0248640552205187e-02 0.040437360453641734 0.040458994474087746 0.00010061227173484288   
71 426 1.043843260378827 10.775624698854722 0.040210875063158916 4.0210875063158916e-02 0.04045828607162971 0.04113062623849271 0.0003211810717857269   
72 432 1.8902687089697905 13.44576340141821 0.040210875063158916 4.0218984811204381e-02 0.04115831353609304 0.041563508451257024 0.001140583594204693   
73 438 2.080043270847293 12.701431591502448 0.040121962901970884 4.0121962901970884e-02 0.042597203620676226 0.04580206263433186 0.0030139161574329124   
74 444 2.2848041104118852 10.622991618063086 0.040095800144593755 4.0095800144593755e-02 0.04195830319288773 0.08093044339483269 0.0026908491238052945   
75 450 1.669816111506672 9.679957345124736 0.040095800144593755 4.0879334812995646e-02 0.04393299656608544 0.06104227531550392 0.005529538659423898   
76 456 1.3713624536945435 9.303082161950343 0.040095800144593755 4.0144818783341904e-02 0.04079305805747282 0.04191972161009088 0.0009247076744871574   
77 462 1.7514589397802474 7.654871468676404 0.040095800144593755 4.0418580571939131e-02 0.04130459333027936 0.045132993662669006 0.0010149890713444937   
78 468 1.389785737714723 4.470800733950079 0.040048319039176945 4.0048319039176945e-02 0.04064514619287974 0.04458395299587722 0.0026400464959575737   
79 474 1.0913090842052775 3.9764992671328803 0.040048319039176945 4.0062886141123008e-02 0.04068974794945869 0.04173028476761162 0.0006270560549890836   
80 480 0.8388557800507386 4.646443592218197 0.040008626032262795 4.0008626032262795e-02 0.04011538961176759 0.04035883717729392 0.00019083936800222412   
81 486 0.6339762756893661 4.2209654156003795 0.04000183799005224 4.0001837990052240e-02 0.0400843338949834 0.040263329787725025 0.0001999959673754867   
82 492 0.501698574002895 4.067986969202322 0.04000183799005224 4.0004271693579542e-02 0.04002469066815791 0.04013274314378335 2.995739325759028e-05   
83 498 0.41306200028093776 4.802045372927962 0.04000036626825812 4.0000366268258120e-02 0.040020947804492585 0.04003691151041897 1.2301921833948737e-05   
84 504 0.3404238279614555 6.090293593078578 0.04000036626825812 4.0001015959898245e-02 0.040006955784933275 0.04001410740888465 7.975737659433879e-06   
85 510 0.278979630913883 5.934866789749034 0.04000036626825812 4.0000435110269648e-02 0.040002725706077526 0.04000365411052993 1.500266848572518e-06   
86 516 0.2424899635371384 7.7662898599418995 0.040000127824110984 4.0000127824110984e-02 0.040001185597449876 0.040002174819552164 1.2035113474764825e-06   
87 522 0.19108420279453894 8.36842897019669 0.04000005758553215 4.0000057585532149e-02 0.04000094223738956 0.04000485700517137 1.594795053995457e-06   
88 528 0.15795714839540193 8.933224061328945 0.04000001180390771 4.0000011803907713e-02 0.040000354799345474 0.040001376453159834 6.873858750811035e-07   
89 534 0.11834432976740014 9.08374473517719 0.04000001180390771 4.0000019911416683e-02 0.04000026957796106 0.04000067296603757 4.2804725460671156e-07   
90 540 0.08770189582187975 10.134023346791192 0.04000001180390771 4.0000017627464114e-02 0.04000009087139545 0.04000020132001501 1.3480918024944e-07   
91 546 0.0933268444244301 11.632202768470803 0.04000001180390771 4.0000015062484115e-02 0.04000003497253401 0.04000012390650412 3.547602240444592e-08   
92 552 0.07975794021183888 9.416964340081812 0.04000000143178052 4.0000001431780521e-02 0.04000004942942627 0.04000011849579806 4.017016751872715e-08   
93 558 0.0685441999276038 9.905447627835256 0.04000000143178052 4.0000004049063606e-02 0.04000003047235346 0.04000009618278365 8.20145037161435e-08   
94 564 0.069972525389616 10.969203521273483 0.04000000143178052 4.0000008293007351e-02 0.0400000512046409 0.0400001001850471 6.079651491963656e-08   
95 570 0.054999415857401604 10.052697166663695 0.04000000143178052 4.0000008307714996e-02 0.04000002439209395 0.04000009166527032 2.3981418767471396e-08   
96 576 0.03958117443057812 8.689930418980177 0.04000000031240893 4.0000000312408933e-02 0.040000020763767394 0.04000009737904537 3.02481801828236e-08   
97 582 0.032839289899215626 8.604218858543186 0.04000000031240893 4.0000000497529178e-02 0.04000000246766732 0.04000001151843127 8.47980401869064e-09   
98 588 0.02563910123083582 7.2245926659283075 0.04000000031240893 4.0000000409776408e-02 0.04000000218926658 0.04000000292419456 1.5904946665257214e-09   
99 594 0.019706424689593063 7.459005167257494 0.04000000012237645 4.0000000122376450e-02 0.04000000369527929 0.04000000420593725 3.43073673636507e-09   
100 600 0.015883598837189535 7.725990639408329 0.04000000002559701 4.0000000025597011e-02 0.04000000025087589 0.04000000130502279 4.352583016231648e-10   
101 606 0.01438719946133795 8.379954816487158 0.04000000002559701 4.0000000070652748e-02 0.04000000016943739 0.040000000439698015 2.5280008641992424e-10   
102 612 0.012068359756260317 8.856555984474307 0.04000000002559701 4.0000000046286149e-02 0.040000000245326656 0.04000000107181362 5.697073646171447e-10   
103 618 0.009506990706852413 10.26638238305713 0.04000000002559701 4.0000000083333771e-02 0.040000000137102434 0.040000000239150416 1.3055626718605495e-10   
104 624 0.008085197967191067 9.082654713791934 0.0400000000027166 4.0000000002716599e-02 0.04000000004880205 0.04000000010140134 3.9471377555333476e-11   
105 630 0.0069858388818709065 7.888400540937936 0.04000000000101262 4.0000000001012621e-02 0.040000000037104175 0.04000000013457851 8.023137015866766e-11   
106 636 0.0060982549212586735 8.75129088453392 0.04000000000101262 4.0000000001599346e-02 0.0400000000136517 0.04000000004678942 3.893112221486916e-11   
107 642 0.00518532873876528 9.775685105473846 0.04000000000101262 4.0000000004300929e-02 0.040000000010639185 0.04000000001689823 4.387254448623423e-12   
108 648 0.0036469696367066526 10.835119528297762 0.04000000000077679 4.0000000000776789e-02 0.040000000002709875 0.0400000000177678 3.1101787811849135e-12   
109 654 0.0027048527460541353 13.022282655192079 0.04000000000036979 4.0000000000369788e-02 0.04000000000311612 0.04000000002591054 9.270660628057925e-12   
110 660 0.002209376746325654 10.575295781351707 0.04000000000027785 4.0000000000277848e-02 0.04000000000114474 0.04000000000578215 4.036326828327219e-12   
111 666 0.00201568423906082 13.35953743030398 0.040000000000011075 4.0000000000011075e-02 0.04000000000071308 0.04000000000098606 7.391032230685823e-13   
112 672 0.0016171648638707075 14.224282673729212 0.040000000000011075 4.0000000000063152e-02 0.040000000000325775 0.040000000000607557 1.437114316438226e-13   
113 678 0.0014280113872756316 13.454246015797148 0.040000000000011075 4.0000000000037103e-02 0.04000000000056143 0.04000000000076777 5.014738624353754e-13   
114 684 0.001153547131806843 11.491168388871703 0.040000000000011075 4.0000000000026591e-02 0.04000000000010271 0.040000000000657565 1.0197398481182063e-13   
115 690 0.0008512324444792411 11.833352479458206 0.04000000000000702 4.0000000000007023e-02 0.04000000000006893 0.04000000000033562 2.6239427297625184e-13   
116 696 0.0007105879587654448 10.835170320939817 0.04000000000000702 4.0000000000009521e-02 0.04000000000001584 0.04000000000003922 1.532107773982716e-14   
117 702 0.0006833914499076428 11.800812133493533 0.040000000000001514 4.0000000000001514e-02 0.04000000000001291 0.04000000000002342 2.0511370379949767e-14   
118 708 0.0005070588027522213 12.613760095553044 0.04000000000000026 4.0000000000000258e-02 0.04000000000000524 0.04000000000002196 1.0151601781416275e-14   
119 714 0.00043951093387450664 11.961145913436342 0.04000000000000026 4.0000000000000827e-02 0.0400000000000058 0.04000000000001192 8.319733790784767e-15   
120 720 0.0003864210401036975 12.137473999436729 0.04000000000000026 4.0000000000001326e-02 0.04000000000000382 0.04000000000000703 3.247402347028583e-15   
121 726 0.0004625306745186605 10.635332407004144 0.04000000000000026 4.0000000000002915e-02 0.040000000000007564 0.040000000000010534 2.095545958979983e-15   
122 732 0.00041205525763900284 12.449487268044763 0.04000000000000026 4.0000000000003227e-02 0.040000000000009354 0.04000000000002405 1.3149203947904198e-14   
123 738 0.0004092903341993911 15.610058658268963 0.04000000000000026 4.0000000000000258e-02 0.04000000000000303 0.04000000000000403 1.908195823574488e-15   
