% # columns="iteration, evaluation, sigma, beta, void,  sigvec==sigma_vec.scaling factors from diagonal decoding", seed=578836, Sun Sep 27 23:00:26 2026, <python>{}</python>
1 6 1.7735287374692124 1 0 0.27551682308218495 0.3433209684052895
2 12 2.3994949853207954 1 0 0.19645342935574975 0.288569623077627
3 18 3.0978389888932303 1 0 0.14389219852959534 0.24692089243819632
4 24 2.9934299692159803 1 0 0.14389219852959534 0.24692089243819632
5 30 2.4687270427548174 1 0 0.14389219852959534 0.24692089243819632
6 36 2.256144983464805 1 0 0.14389219852959534 0.24692089243819632
7 42 1.6629889242595415 1 0 0.14389219852959534 0.24692089243819632
8 48 1.8485170950447176 1 0 0.14389219852959534 0.24692089243819632
9 54 2.05199977449637 1 0 0.14389219852959534 0.24692089243819632
10 60 2.0083495701191625 1 0 0.14389219852959534 0.24692089243819632
11 66 1.9087924487418086 1 0 0.14389219852959534 0.24692089243819632
12 72 1.5377412828794217 1 0 0.14389219852959534 0.24692089243819632
13 78 1.2191050290641323 1 0 0.14389219852959534 0.24692089243819632
14 84 1.1275877887311385 1 0 0.14389219852959534 0.24692089243819632
15 90 0.9536576439451191 1 0 0.14389219852959534 0.24692089243819632
16 96 0.8491616346817331 1 0 0.14389219852959534 0.24692089243819632
17 102 0.8001625434054117 1 0 0.14389219852959534 0.24692089243819632
18 108 0.6393659878962831 1 0 0.14389219852959534 0.24692089243819632
19 114 0.4469477301366065 1 0 0.14389219852959534 0.24692089243819632
20 120 0.5270584254528371 1 0 0.14389219852959534 0.24692089243819632
21 126 0.6778367160359973 1 0 0.14389219852959534 0.24692089243819632
22 132 0.7660400051355948 1 0 0.14389219852959534 0.24692089243819632
23 138 0.7012253326002307 1 0 0.14389219852959534 0.24692089243819632
24 144 0.53913076942783 1 0 0.14389219852959534 0.24692089243819632
25 150 0.6127438008969923 1 0 0.14389219852959534 0.24692089243819632
26 156 0.5630690084237943 1 0 0.14389219852959534 0.24692089243819632
27 162 0.5596644986409883 1 0 0.14389219852959534 0.24692089243819632
28 168 0.7362021875517938 1 0 0.14389219852959534 0.24692089243819632
29 174 0.7167493989647121 1 0 0.14389219852959534 0.24692089243819632
30 180 0.7307969523433411 1 0 0.14389219852959534 0.24692089243819632
31 186 0.7258182768231602 1 0 0.14389219852959534 0.24692089243819632
32 192 0.75389345866426 1 0 0.14389219852959534 0.24692089243819632
33 198 0.8280436310791299 1 0 0.14389219852959534 0.24692089243819632
34 204 0.975332498305129 1 0 0.14389219852959534 0.24692089243819632
35 210 1.232540242554198 1 0 0.14389219852959534 0.24692089243819632
36 216 1.3374236331572085 1 0 0.14389219852959534 0.24692089243819632
37 222 1.3952732679833966 1 0 0.14389219852959534 0.24692089243819632
38 228 1.251414811067278 1 0 0.14389219852959534 0.24692089243819632
39 234 1.30661209657154 1 0 0.14389219852959534 0.24692089243819632
40 240 1.7799156901925433 1 0 0.14389219852959534 0.24692089243819632
41 246 1.8936625389776267 1 0 0.14389219852959534 0.24692089243819632
42 252 1.647792199662273 1 0 0.14389219852959534 0.24692089243819632
43 258 1.4187167840921815 1 0 0.14389219852959534 0.24692089243819632
44 264 1.1810750696029841 1 0 0.14389219852959534 0.24692089243819632
45 270 1.092100526569339 1 0 0.14389219852959534 0.24692089243819632
46 276 0.852765606795878 1 0 0.14389219852959534 0.24692089243819632
47 282 0.6876521656346397 1 0 0.14389219852959534 0.24692089243819632
48 288 0.5442067026364497 1 0 0.14389219852959534 0.24692089243819632
49 294 0.4954919616292731 1 0 0.14389219852959534 0.24692089243819632
50 300 0.38827359324542465 1 0 0.14389219852959534 0.24692089243819632
51 306 0.4210600948894179 1 0 0.14389219852959534 0.24692089243819632
52 312 0.39026037208226055 1 0 0.14389219852959534 0.24692089243819632
53 318 0.4101112248930401 1 0 0.14389219852959534 0.24692089243819632
54 324 0.5977132661093421 1 0 0.14389219852959534 0.24692089243819632
55 330 0.9219283696427688 1 0 0.14389219852959534 0.24692089243819632
56 336 0.9995601356734656 1 0 0.14389219852959534 0.24692089243819632
57 342 1.4785571600382115 1 0 0.14389219852959534 0.24692089243819632
58 348 1.2648815089003245 1 0 0.14389219852959534 0.24692089243819632
59 354 1.034514296447327 1 0 0.14389219852959534 0.24692089243819632
60 360 1.1541516685659414 1 0 0.14389219852959534 0.24692089243819632
61 366 0.8543587079145333 1 0 0.14389219852959534 0.24692089243819632
62 372 0.7540761769854784 1 0 0.14389219852959534 0.24692089243819632
63 378 0.6332400624480274 1 0 0.14389219852959534 0.24692089243819632
64 384 0.9823716326028109 1 0 0.14389219852959534 0.24692089243819632
65 390 1.1092303328474657 1 0 0.14389219852959534 0.24692089243819632
66 396 0.8309706311738009 1 0 0.14389219852959534 0.24692089243819632
67 402 0.7277333820091964 1 0 0.14389219852959534 0.24692089243819632
68 408 0.6352285697826225 1 0 0.14389219852959534 0.24692089243819632
69 414 0.5482491448262217 1 0 0.14389219852959534 0.24692089243819632
70 420 0.741008506493352 1 0 0.14389219852959534 0.24692089243819632
71 426 1.043843260378827 1 0 0.14389219852959534 0.24692089243819632
72 432 1.8902687089697905 1 0 0.14389219852959534 0.24692089243819632
73 438 2.080043270847293 1 0 0.14389219852959534 0.24692089243819632
74 444 2.2848041104118852 1 0 0.14389219852959534 0.24692089243819632
75 450 1.669816111506672 1 0 0.14389219852959534 0.24692089243819632
76 456 1.3713624536945435 1 0 0.14389219852959534 0.24692089243819632
77 462 1.7514589397802474 1 0 0.14389219852959534 0.24692089243819632
78 468 1.389785737714723 1 0 0.14389219852959534 0.24692089243819632
79 474 1.0913090842052775 1 0 0.14389219852959534 0.24692089243819632
80 480 0.8388557800507386 1 0 0.14389219852959534 0.24692089243819632
81 486 0.6339762756893661 1 0 0.14389219852959534 0.24692089243819632
82 492 0.501698574002895 1 0 0.14389219852959534 0.24692089243819632
83 498 0.41306200028093776 1 0 0.14389219852959534 0.24692089243819632
84 504 0.3404238279614555 1 0 0.14389219852959534 0.24692089243819632
85 510 0.278979630913883 1 0 0.14389219852959534 0.24692089243819632
86 516 0.2424899635371384 1 0 0.14389219852959534 0.24692089243819632
87 522 0.19108420279453894 1 0 0.14389219852959534 0.24692089243819632
88 528 0.15795714839540193 1 0 0.14389219852959534 0.24692089243819632
89 534 0.11834432976740014 1 0 0.14389219852959534 0.24692089243819632
90 540 0.08770189582187975 1 0 0.14389219852959534 0.24692089243819632
91 546 0.0933268444244301 1 0 0.14389219852959534 0.24692089243819632
92 552 0.07975794021183888 1 0 0.14389219852959534 0.24692089243819632
93 558 0.0685441999276038 1 0 0.14389219852959534 0.24692089243819632
94 564 0.069972525389616 1 0 0.14389219852959534 0.24692089243819632
95 570 0.054999415857401604 1 0 0.14389219852959534 0.24692089243819632
96 576 0.03958117443057812 1 0 0.14389219852959534 0.24692089243819632
97 582 0.032839289899215626 1 0 0.14389219852959534 0.24692089243819632
98 588 0.02563910123083582 1 0 0.14389219852959534 0.24692089243819632
99 594 0.019706424689593063 1 0 0.14389219852959534 0.24692089243819632
100 600 0.015883598837189535 1 0 0.14389219852959534 0.24692089243819632
101 606 0.01438719946133795 1 0 0.14389219852959534 0.24692089243819632
102 612 0.012068359756260317 1 0 0.14389219852959534 0.24692089243819632
103 618 0.009506990706852413 1 0 0.14389219852959534 0.24692089243819632
104 624 0.008085197967191067 1 0 0.14389219852959534 0.24692089243819632
105 630 0.0069858388818709065 1 0 0.14389219852959534 0.24692089243819632
106 636 0.0060982549212586735 1 0 0.14389219852959534 0.24692089243819632
107 642 0.00518532873876528 1 0 0.14389219852959534 0.24692089243819632
108 648 0.0036469696367066526 1 0 0.14389219852959534 0.24692089243819632
109 654 0.0027048527460541353 1 0 0.14389219852959534 0.24692089243819632
110 660 0.002209376746325654 1 0 0.14389219852959534 0.24692089243819632
111 666 0.00201568423906082 1 0 0.14389219852959534 0.24692089243819632
112 672 0.0016171648638707075 1 0 0.14389219852959534 0.24692089243819632
113 678 0.0014280113872756316 1 0 0.14389219852959534 0.24692089243819632
114 684 0.001153547131806843 1 0 0.14389219852959534 0.24692089243819632
115 690 0.0008512324444792411 1 0 0.14389219852959534 0.24692089243819632
116 696 0.0007105879587654448 1 0 0.14389219852959534 0.24692089243819632
117 702 0.0006833914499076428 1 0 0.14389219852959534 0.24692089243819632
118 708 0.0005070588027522213 1 0 0.14389219852959534 0.24692089243819632
119 714 0.00043951093387450664 1 0 0.14389219852959534 0.24692089243819632
120 720 0.0003864210401036975 1 0 0.14389219852959534 0.24692089243819632
121 726 0.0004625306745186605 1 0 0.14389219852959534 0.24692089243819632
122 732 0.00041205525763900284 1 0 0.14389219852959534 0.24692089243819632
123 738 0.0004092903341993911 1 0 0.14389219852959534 0.24692089243819632
123 738 0.0004092903341993911 1 0 0.14389219852959534 0.24692089243819632
