% # columns="iteration, evaluation, sigma, void, void,  stds==sigma*sigma_vec.scaling*sqrt(diag(C))", seed=578836, Sun Sep 27 23:00:26 2026, <python>{}</python>
1 6 1.7735287374692124 0 0 0.6 0.6000000000000001
2 12 2.3994949853207954 0 0 0.6 0.5999999999999999
3 18 3.0978389888932303 0 0 0.6000000000000001 0.6000000000000001
4 24 2.9934299692159803 0 0 0.5564653349635863 0.5020188005238536
5 30 2.4687270427548174 0 0 0.4163282313047438 0.3649413258328375
6 36 2.256144983464805 0 0 0.3571361436048994 0.3114615903052494
7 42 1.6629889242595415 0 0 0.25200564479058357 0.1830081806831432
8 48 1.8485170950447176 0 0 0.3144990222530409 0.2011904600674818
9 54 2.05199977449637 0 0 0.32999439093719685 0.2133147045460729
10 60 2.0083495701191625 0 0 0.3056534804311502 0.19009778170813302
11 66 1.9087924487418086 0 0 0.2998694211393742 0.16933775889258113
12 72 1.5377412828794217 0 0 0.245425445004063 0.10988219562128948
13 78 1.2191050290641323 0 0 0.18101093483908653 0.08071504426899942
14 84 1.1275877887311385 0 0 0.16521837897612776 0.06557969748761351
15 90 0.9536576439451191 0 0 0.1294401009293582 0.0476658837379378
16 96 0.8491616346817331 0 0 0.1108550095676385 0.03759318691854546
17 102 0.8001625434054117 0 0 0.09929273793168078 0.0344130150779279
18 108 0.6393659878962831 0 0 0.06883870498864149 0.02652124982951432
19 114 0.4469477301366065 0 0 0.045381084454395364 0.016413662183890836
20 120 0.5270584254528371 0 0 0.05950394383158285 0.025298308018204783
21 126 0.6778367160359973 0 0 0.07487295462937718 0.03779900301103446
22 132 0.7660400051355948 0 0 0.0707177668435025 0.042554183011775236
23 138 0.7012253326002307 0 0 0.05909031862086629 0.038970454374335245
24 144 0.53913076942783 0 0 0.038316756976468185 0.02737166803762086
25 150 0.6127438008969923 0 0 0.048239842716938604 0.029167002786075483
26 156 0.5630690084237943 0 0 0.03808590779373923 0.024853211921735747
27 162 0.5596644986409883 0 0 0.03886980007064442 0.023914204487687336
28 168 0.7362021875517938 0 0 0.05660001868221244 0.041929281188501304
29 174 0.7167493989647121 0 0 0.056334938052272736 0.04156837591488699
30 180 0.7307969523433411 0 0 0.05075178273664923 0.03980512213299549
31 186 0.7258182768231602 0 0 0.04465057592351363 0.034955164182062466
32 192 0.75389345866426 0 0 0.04455617023741895 0.03618935599101841
33 198 0.8280436310791299 0 0 0.044664781800008234 0.04036182863818337
34 204 0.975332498305129 0 0 0.05054268839417091 0.05030750605752382
35 210 1.232540242554198 0 0 0.058429599407335935 0.06521142244302924
36 216 1.3374236331572085 0 0 0.06845313662736026 0.07759793725937876
37 222 1.3952732679833966 0 0 0.07252629390802794 0.08673336082970752
38 228 1.251414811067278 0 0 0.05151791715287626 0.06334970440045014
39 234 1.30661209657154 0 0 0.061659117210945136 0.07633224517152391
40 240 1.7799156901925433 0 0 0.09547730279683299 0.1255055553788914
41 246 1.8936625389776267 0 0 0.09588674314617367 0.12614786264674177
42 252 1.647792199662273 0 0 0.07529174966046029 0.09755040526190124
43 258 1.4187167840921815 0 0 0.05844691002310637 0.075261801200409
44 264 1.1810750696029841 0 0 0.04256644336907444 0.053654076535054045
45 270 1.092100526569339 0 0 0.03540558766299698 0.04437515015303404
46 276 0.852765606795878 0 0 0.024448556818654977 0.03032803830758807
47 282 0.6876521656346397 0 0 0.017439515569666646 0.021981867173966902
48 288 0.5442067026364497 0 0 0.011311025348820308 0.014635091861931654
49 294 0.4954919616292731 0 0 0.009394836794361214 0.011675989552067015
50 300 0.38827359324542465 0 0 0.006720423607927745 0.007982738373126786
51 306 0.4210600948894179 0 0 0.0067784738057082615 0.007565021250743069
52 312 0.39026037208226055 0 0 0.006039438386241396 0.006369317426006339
53 318 0.4101112248930401 0 0 0.005373311648847652 0.0055397396223563645
54 324 0.5977132661093421 0 0 0.00886867797548982 0.008167156721333507
55 330 0.9219283696427688 0 0 0.013467052292515113 0.012098407160873013
56 336 0.9995601356734656 0 0 0.013118960746278701 0.011663622694570483
57 342 1.4785571600382115 0 0 0.01845667116332253 0.01563102579346241
58 348 1.2648815089003245 0 0 0.015607056232142853 0.01192547551272858
59 354 1.034514296447327 0 0 0.012354045918680851 0.009559400708863177
60 360 1.1541516685659414 0 0 0.01655784124822252 0.011592044105725858
61 366 0.8543587079145333 0 0 0.011299711285868262 0.007546603086572518
62 372 0.7540761769854784 0 0 0.008277349997217333 0.00577116936521395
63 378 0.6332400624480274 0 0 0.006354396034951795 0.004253895322913458
64 384 0.9823716326028109 0 0 0.00947167441120036 0.0060719249894236925
65 390 1.1092303328474657 0 0 0.009509075567920786 0.005779164581837918
66 396 0.8309706311738009 0 0 0.006766843112375925 0.003883950506863123
67 402 0.7277333820091964 0 0 0.005963014067206709 0.0031062457363241268
68 408 0.6352285697826225 0 0 0.005002881203550637 0.002766415040072833
69 414 0.5482491448262217 0 0 0.0038092914508262936 0.0019598605823328316
70 420 0.741008506493352 0 0 0.005649963379368943 0.0025320788136033515
71 426 1.043843260378827 0 0 0.009175151971047778 0.003331622965812607
72 432 1.8902687089697905 0 0 0.0169845084303648 0.006005678863860353
73 438 2.080043270847293 0 0 0.015316663443112822 0.005728771150606373
74 444 2.2848041104118852 0 0 0.015251502314264897 0.005444870102993512
75 450 1.669816111506672 0 0 0.009904554978217914 0.0035832096711590055
76 456 1.3713624536945435 0 0 0.006530622796872619 0.002506522955455236
77 462 1.7514589397802474 0 0 0.006708798027736056 0.0029935295614018477
78 468 1.389785737714723 0 0 0.004726711338843794 0.0023608461011596906
79 474 1.0913090842052775 0 0 0.0035450515175366425 0.0014729628385212392
80 480 0.8388557800507386 0 0 0.0022898023715684744 0.0009679240142183683
81 486 0.6339762756893661 0 0 0.0015021575085030262 0.0006384294529861905
82 492 0.501698574002895 0 0 0.0011334118580397967 0.0004177793819983986
83 498 0.41306200028093776 0 0 0.0009332961332996151 0.0002841371813504811
84 504 0.3404238279614555 0 0 0.0006871335709374458 0.00020516481408989736
85 510 0.278979630913883 0 0 0.0005787304881047717 0.00013111350625988612
86 516 0.2424899635371384 0 0 0.0004708692132385168 9.720484954604217e-05
87 522 0.19108420279453894 0 0 0.00033720220583531433 6.505929226399812e-05
88 528 0.15795714839540193 0 0 0.000252679706819658 4.8955627207010736e-05
89 534 0.11834432976740014 0 0 0.0001748445629760688 2.975209786125019e-05
90 540 0.08770189582187975 0 0 0.00012108029659449208 1.7883886056815828e-05
91 546 0.0933268444244301 0 0 0.00011314741142759664 2.1024242885969316e-05
92 552 0.07975794021183888 0 0 8.944071002258956e-05 1.7163241591628042e-05
93 558 0.0685441999276038 0 0 7.325404394564129e-05 1.2492955117583849e-05
94 564 0.069972525389616 0 0 6.99969119876646e-05 1.2028971443054974e-05
95 570 0.054999415857401604 0 0 4.643582659923079e-05 9.175538463759235e-06
96 576 0.03958117443057812 0 0 2.9155666408289863e-05 5.815090610004428e-06
97 582 0.032839289899215626 0 0 1.9805694741070463e-05 4.706271702416741e-06
98 588 0.02563910123083582 0 0 1.3783065770925283e-05 3.2175584487478936e-06
99 594 0.019706424689593063 0 0 9.56085419691536e-06 2.1244150697404727e-06
100 600 0.015883598837189535 0 0 7.119426886845252e-06 1.4581171000028476e-06
101 606 0.01438719946133795 0 0 6.078042479209455e-06 1.1920214781870558e-06
102 612 0.012068359756260317 0 0 4.934210992031741e-06 8.451927570177753e-07
103 618 0.009506990706852413 0 0 3.3287921857249786e-06 6.302924866768321e-07
104 624 0.008085197967191067 0 0 2.3741944477738425e-06 5.164797213638756e-07
105 630 0.0069858388818709065 0 0 1.9486462160924903e-06 3.8594709050542744e-07
106 636 0.0060982549212586735 0 0 1.6273789898894352e-06 2.856738727834741e-07
107 642 0.00518532873876528 0 0 1.3173217735004192e-06 2.0916091615744483e-07
108 648 0.0036469696367066526 0 0 8.806440195762525e-07 1.1617861340829435e-07
109 654 0.0027048527460541353 0 0 5.143731901050174e-07 8.388592975087142e-08
110 660 0.002209376746325654 0 0 4.1961753894409367e-07 5.413594983968362e-08
111 666 0.00201568423906082 0 0 3.61897514171626e-07 4.492738874497545e-08
112 672 0.0016171648638707075 0 0 2.5108277642133087e-07 3.3503633477945235e-08
113 678 0.0014280113872756316 0 0 1.88594636100481e-07 2.912869152069102e-08
114 684 0.001153547131806843 0 0 1.359580911676211e-07 1.971733804213313e-08
115 690 0.0008512324444792411 0 0 8.444145386971405e-08 1.3374664683799896e-08
116 696 0.0007105879587654448 0 0 6.661288470545284e-08 9.694504164489827e-09
117 702 0.0006833914499076428 0 0 6.161703232607273e-08 8.609479991926944e-09
118 708 0.0005070588027522213 0 0 3.8900469288565674e-08 5.676486408933885e-09
119 714 0.00043951093387450664 0 0 3.087826383116857e-08 4.627150565232869e-09
120 720 0.0003864210401036975 0 0 2.2939413715655775e-08 3.75224460511174e-09
121 726 0.0004625306745186605 0 0 3.205789114794727e-08 4.773915160557151e-09
122 732 0.00041205525763900284 0 0 3.0824337124414837e-08 3.6759621687636398e-09
123 738 0.0004092903341993911 0 0 3.0297578821626765e-08 3.2483610588735106e-09
123 738 0.0004092903341993911 0 0 3.0297578821626765e-08 3.2483610588735106e-09
