% # columns="iteration, evaluation, void, void, void, xmean", seed=578836, Sun Sep 27 23:00:26 2026, <python>{}</python> # scaling_of_variables: 1, typical_x: 0
1 6 0 0 0 -1.4740931212309276 0.2879863345752765
2 12 0 0 0 -1.9008166600235952 0.4015878505046308
3 18 0 0 0 -2.374580663399354 0.19471462178134152
4 24 0 0 0 -2.4905028147867396 0.249276987669432
5 30 0 0 0 -2.494852343645292 0.14811801420420656
6 36 0 0 0 -2.2520510937982885 -0.06773227557098703
7 42 0 0 0 -2.3681219253414283 0.05789603536842126
8 48 0 0 0 -2.0381267953569355 0.007483348789212596
9 54 0 0 0 -1.93362369696089 0.1411580818254059
10 60 0 0 0 -1.9234969309222543 0.2351772099193024
11 66 0 0 0 -2.1348676976772625 0.03781401408400904
12 72 0 0 0 -2.1540882720638566 0.12968498766386716
13 78 0 0 0 -2.196055096648808 0.09434243712177126
14 84 0 0 0 -2.25141026825217 0.04873298405310986
15 90 0 0 0 -2.2722282026961045 0.038033349145859145
16 96 0 0 0 -2.335802149975743 0.059987294279887
17 102 0 0 0 -2.3808557232722065 0.07607925151311304
18 108 0 0 0 -2.38199605594737 0.07718613823486498
19 114 0 0 0 -2.373177699332775 0.07379955643664872
20 120 0 0 0 -2.4240260701023497 0.09631909295586116
21 126 0 0 0 -2.461891646977281 0.12187867312722794
22 132 0 0 0 -2.459037787114968 0.13490858710816792
23 138 0 0 0 -2.4864301599213436 0.1466970427555168
24 144 0 0 0 -2.4620916151308463 0.13373914039602058
25 150 0 0 0 -2.5103438651225987 0.15482508885721513
26 156 0 0 0 -2.5203964506503453 0.1656904520665923
27 162 0 0 0 -2.5431437759433773 0.18136706816944706
28 168 0 0 0 -2.579890809922932 0.21168957064063987
29 174 0 0 0 -2.595933958433171 0.21954329078086535
30 180 0 0 0 -2.5929689294381704 0.2273822801121895
31 186 0 0 0 -2.5916260340146504 0.23236547008316175
32 192 0 0 0 -2.625274763474009 0.2607929443105261
33 198 0 0 0 -2.649345011667697 0.28540877975109025
34 204 0 0 0 -2.667268657164224 0.3107214301518991
35 210 0 0 0 -2.6816835413461613 0.3382659710791692
36 216 0 0 0 -2.7312867219716934 0.3857823310135613
37 222 0 0 0 -2.762571197985897 0.4274782422017118
38 228 0 0 0 -2.7525340222895798 0.422760180042027
39 234 0 0 0 -2.800469026506725 0.4805028814935115
40 240 0 0 0 -2.848785564928552 0.5543766115144632
41 246 0 0 0 -2.8908837645943644 0.6096745089734912
42 252 0 0 0 -2.8426891229761773 0.5529800394820286
43 258 0 0 0 -2.886669201059053 0.6082500298974368
44 264 0 0 0 -2.8902474190132503 0.616132012182628
45 270 0 0 0 -2.90094917713953 0.622811065725907
46 276 0 0 0 -2.8937865793195816 0.6137581508466882
47 282 0 0 0 -2.9035676938326827 0.6258508783309137
48 288 0 0 0 -2.902036689308272 0.6228539058595628
49 294 0 0 0 -2.893977079305005 0.6136948098706436
50 300 0 0 0 -2.8997523184163523 0.6204797065765247
51 306 0 0 0 -2.904419380002813 0.6244854924429162
52 312 0 0 0 -2.906165439985734 0.6261909219279613
53 318 0 0 0 -2.908241128601297 0.6272270952476565
54 324 0 0 0 -2.9128101256325603 0.6296609201329121
55 330 0 0 0 -2.9217719490782104 0.6352752916753656
56 336 0 0 0 -2.922666710125103 0.63471459482365
57 342 0 0 0 -2.925492928130791 0.630759950862021
58 348 0 0 0 -2.9109765099321945 0.6237835205297259
59 354 0 0 0 -2.9170562945287646 0.6303722402900805
60 360 0 0 0 -2.9317163076131427 0.6398738115348289
61 366 0 0 0 -2.9210410181393316 0.6324376090093113
62 372 0 0 0 -2.926490107299478 0.6350853284952739
63 378 0 0 0 -2.9291338712721275 0.6372645143805294
64 384 0 0 0 -2.935184885441582 0.6385627102957301
65 390 0 0 0 -2.935615390920272 0.6378196275589353
66 396 0 0 0 -2.9350815963027492 0.6385807528483007
67 402 0 0 0 -2.930342974015378 0.6361516327635962
68 408 0 0 0 -2.935340356664243 0.6388041977841129
69 414 0 0 0 -2.9361757523285226 0.6388578544201099
70 420 0 0 0 -2.938955344677191 0.639315528603951
71 426 0 0 0 -2.944139030161221 0.6407970055255466
72 432 0 0 0 -2.9437251892316443 0.6382859767107755
73 438 0 0 0 -2.948387862650918 0.6396806761549793
74 444 0 0 0 -2.953071482357976 0.6396302240871057
75 450 0 0 0 -2.9476398299096687 0.6394186293863767
76 456 0 0 0 -2.951972574048695 0.6402771510908571
77 462 0 0 0 -2.9492702359691423 0.6420256294723499
78 468 0 0 0 -2.949857117007853 0.6394553155907027
79 474 0 0 0 -2.949084194514 0.6401416601094404
80 480 0 0 0 -2.94936685895881 0.6396858446994247
81 486 0 0 0 -2.9497998578299125 0.6399513557063541
82 492 0 0 0 -2.949196825256119 0.6398032382527724
83 498 0 0 0 -2.9498570568883333 0.6399200028744785
84 504 0 0 0 -2.9496985302469794 0.6400130140589338
85 510 0 0 0 -2.9499800001702536 0.6399643604361337
86 516 0 0 0 -2.950201024266933 0.6400105662392966
87 522 0 0 0 -2.950088240958766 0.6399663113317993
88 528 0 0 0 -2.949989784760931 0.6400009025980968
89 534 0 0 0 -2.9499976592903785 0.6399847165001502
90 540 0 0 0 -2.950027209059349 0.6399899110231391
91 546 0 0 0 -2.950046127922258 0.6400091659461664
92 552 0 0 0 -2.9499740295974486 0.6399942321432209
93 558 0 0 0 -2.9499751197257513 0.6400031861433882
94 564 0 0 0 -2.9500415108560483 0.6399978442854242
95 570 0 0 0 -2.949995144431557 0.64000141939628
96 576 0 0 0 -2.949998241083773 0.640001585638503
97 582 0 0 0 -2.950000523983774 0.6399986793116427
98 588 0 0 0 -2.9499981564975655 0.6399982180474441
99 594 0 0 0 -2.949999798893128 0.6399993767757037
100 600 0 0 0 -2.9499986030989693 0.6399999733373392
101 606 0 0 0 -2.9499996265365693 0.64000075051105
102 612 0 0 0 -2.949996289574081 0.6400003834888501
103 618 0 0 0 -2.949998866079618 0.6400003453817416
104 624 0 0 0 -2.9499990283627726 0.6400000612093899
105 630 0 0 0 -2.9499993539836846 0.6399998939874683
106 636 0 0 0 -2.9500003577418563 0.6400000432099915
107 642 0 0 0 -2.9500007042218073 0.639999956278578
108 648 0 0 0 -2.950000480103928 0.6399999798848851
109 654 0 0 0 -2.950000320910692 0.6399999755433003
110 660 0 0 0 -2.9500001350600975 0.6399999802212908
111 666 0 0 0 -2.9500000021574446 0.6400000102878021
112 672 0 0 0 -2.950000063849382 0.6400000154225601
113 678 0 0 0 -2.950000092432871 0.6399999887737565
114 684 0 0 0 -2.950000036150781 0.6399999898908217
115 690 0 0 0 -2.9500000476979964 0.639999995561873
116 696 0 0 0 -2.950000009140223 0.6399999965248871
117 702 0 0 0 -2.949999976483468 0.6400000012288378
118 708 0 0 0 -2.949999987582999 0.6400000001219148
119 714 0 0 0 -2.9500000088545204 0.6400000010356852
120 720 0 0 0 -2.9500000155607213 0.6400000021128914
121 726 0 0 0 -2.94999998092464 0.6400000045235194
122 732 0 0 0 -2.950000019396326 0.6400000022096108
123 738 0 0 0 -2.9500000016047587 0.6399999996640092
123 738 0 0 0 -2.9500000016047587 0.6399999996640092
