% # columns="iter, evals, sigma, 0, fitness, xbest" seed=578836, Sun Sep 27 23:00:26 2026, <python>{}</python>
1 6 1.7735287374692124 0 2.737395251970309 -0.11445047177608614 0.13538527105088638
2 12 2.3994949853207954 0 4.120955418078099 -0.48210125180930197 0.09370134820081866
3 18 3.0978389888932303 0 0.5411440257785056 0.48311385925798944 0.1810565953223372
4 24 2.9934299692159803 0 1.4564734104740564 0.020632189934729706 0.07094604624258093
5 30 2.4687270427548174 0 0.19726178525753035 0.5635287806725068 0.3257833604786204
6 36 2.256144983464805 0 1.3646876968103463 0.1588596672592617 -0.05582966791032046
7 42 1.6629889242595415 0 0.594279662645721 0.32141161178084543 0.06672708879352594
8 48 1.8485170950447176 0 1.5698352802249977 -0.14370720000825754 0.07181513694694229
9 54 2.05199977449637 0 2.472024953287666 -0.11668115697681802 0.12429638553503641
10 60 2.0083495701191625 0 4.275917998700532 -0.04561629172931436 0.18047940461830292
11 66 1.9087924487418086 0 1.1715181544895903 0.15268400111531388 0.09066028853778649
12 72 1.5377412828794217 0 0.5207224755838373 0.30425384431803737 0.07342366252006784
13 78 1.2191050290641323 0 1.3102971707044206 -0.06285746598065911 0.04645178781312988
14 84 1.1275877887311385 0 0.7733468188371637 0.1214747552267994 0.010831561235700948
15 90 0.9536576439451191 0 0.6453173929352719 0.2077448774825914 0.05644296847482211
16 96 0.8491616346817331 0 0.5621589240657191 0.2502379388135103 0.06222184003112594
17 102 0.8001625434054117 0 0.4855098210633377 0.3434423716860371 0.09461987420200754
18 108 0.6393659878962831 0 0.5202718058832214 0.2941009399167718 0.07167027505012581
19 114 0.4469477301366065 0 0.525546263560607 0.275238438097098 0.07739003362613453
20 120 0.5270584254528371 0 0.4365737442991867 0.33966528288139 0.1130664131844869
21 126 0.6778367160359973 0 0.4148642557295971 0.35681354944538446 0.12388743192401921
22 132 0.7660400051355948 0 0.3875660426701118 0.3779184100834633 0.14523176062443127
23 138 0.7012253326002307 0 0.38869962238889033 0.3863812604071123 0.16032300521647364
24 144 0.53913076942783 0 0.38952417149722773 0.3761435568574195 0.13967480470807167
25 150 0.6127438008969923 0 0.3656577096858229 0.42244711646435185 0.16054777922653385
26 156 0.5630690084237943 0 0.3397332274018657 0.4348745142071512 0.17484474899704075
27 162 0.5596644986409883 0 0.32445557614338744 0.4493741595696331 0.18735400805442162
28 168 0.7362021875517938 0 0.3006503882425457 0.5076923262087919 0.23360951338232003
29 174 0.7167493989647121 0 0.3240142330621455 0.5106380486514149 0.23167560605173587
30 180 0.7307969523433411 0 0.2855233131192582 0.4760593188911372 0.2161398701841807
31 186 0.7258182768231602 0 0.254862163188693 0.5019772457194115 0.24371344731067424
32 192 0.75389345866426 0 0.23576391286764237 0.5338100028598268 0.2713771111117818
33 198 0.8280436310791299 0 0.22787279312574094 0.5546050583643071 0.2904123307167775
34 204 0.975332498305129 0 0.20349332341526458 0.5804931686943576 0.3203869814296748
35 210 1.232540242554198 0 0.17298626714804696 0.5845730667643333 0.3397089148471408
36 216 1.3374236331572085 0 0.14860653656626213 0.6517476752291284 0.40824419587256044
37 222 1.3952732679833966 0 0.11484448570201199 0.7178387779601362 0.49652297985480576
38 228 1.251414811067278 0 0.12124940927253833 0.6526347536622009 0.4235097366869043
39 234 1.30661209657154 0 0.11909897065245045 0.7265452745632305 0.5068153678008896
40 240 1.7799156901925433 0 0.057920319814968625 0.7595403750329848 0.5778990209058797
41 246 1.8936625389776267 0 0.04412384086105285 0.7904305365568158 0.623350465103711
42 252 1.647792199662273 0 0.061251156539176024 0.761629820162405 0.5734235470498851
43 258 1.4187167840921815 0 0.04596819613139024 0.7895094486721039 0.6274018396703036
44 264 1.1810750696029841 0 0.04963261833029245 0.7820919319242292 0.6163031887747963
45 270 1.092100526569339 0 0.04465207533808492 0.7887421556762013 0.6216430347713743
46 276 0.852765606795878 0 0.04640170862996581 0.7851708876458772 0.6149116745678919
47 282 0.6876521656346397 0 0.049341287901137613 0.7939983731675765 0.6387428194855853
48 288 0.5442067026364497 0 0.04453433002928004 0.789331119137412 0.6242803559727619
49 294 0.4954919616292731 0 0.04679746402385631 0.783672931642161 0.6141684668755667
50 300 0.38827359324542465 0 0.045075822952075795 0.7876915076022987 0.6205541923977869
51 306 0.4210600948894179 0 0.044334027957249375 0.7900439170467419 0.6257583250593528
52 312 0.39026037208226055 0 0.044523730717843865 0.7909572620498259 0.6284854357026114
53 318 0.4101112248930401 0 0.04363785763753851 0.7912760042680642 0.626967133809629
54 324 0.5977132661093421 0 0.04295537151292235 0.7927620601926025 0.6281922593627316
55 330 0.9219283696427688 0 0.04180341053758241 0.7961401669654447 0.6354030676672411
56 336 0.9995601356734656 0 0.04184506245773531 0.7959793196230459 0.6320977340874904
57 342 1.4785571600382115 0 0.042984002732984174 0.7973910842327958 0.6314352352379928
58 348 1.2648815089003245 0 0.043980547074349556 0.7909486020678761 0.6239321777039629
59 354 1.034514296447327 0 0.04214804894961883 0.7951216973546037 0.6309034848790557
60 360 1.1541516685659414 0 0.04224283947655756 0.7995179773119357 0.643756465598108
61 366 0.8543587079145333 0 0.04155865292021099 0.796466412848828 0.6332066538243922
62 372 0.7540761769854784 0 0.04102755223693633 0.7976816880783341 0.63727000002083
63 378 0.6332400624480274 0 0.04099052732006307 0.7988040774399949 0.6403478834816471
64 384 0.9823716326028109 0 0.040443370451072484 0.7989260830474265 0.6379272125531426
65 390 1.1092303328474657 0 0.04070461218538548 0.7988193704611557 0.6365926284730009
66 396 0.8309706311738009 0 0.04050590712830263 0.799029600358984 0.6395290686280755
67 402 0.7277333820091964 0 0.04093862979416767 0.7979674137596339 0.6356498868430156
68 408 0.6352285697826225 0 0.040465140300817916 0.7990209167066188 0.6392861786990466
69 414 0.5482491448262217 0 0.04035380125834105 0.7991188155270014 0.6385166530956906
70 420 0.741008506493352 0 0.04024864055220519 0.7995087945145376 0.6399348475516717
71 426 1.043843260378827 0 0.040210875063158916 0.7999364646690008 0.6412601730981055
72 432 1.8902687089697905 0 0.04021898481120438 0.7998978943818053 0.6385019799124284
73 438 2.080043270847293 0 0.040121962901970884 0.7999924812689332 0.6410786366399599
74 444 2.2848041104118852 0 0.040095800144593755 0.7997799709343986 0.6393697914557687
75 450 1.669816111506672 0 0.040879334812995646 0.7998740779538885 0.636919391162721
76 456 1.3713624536945435 0 0.040144818783341904 0.799906802627036 0.6408878651567468
77 462 1.7514589397802474 0 0.04041858057193913 0.799950365248263 0.6419173948326579
78 468 1.389785737714723 0 0.040048319039176945 0.7998873615274484 0.6400000953944879
79 474 1.0913090842052775 0 0.04006288614112301 0.7999969182646202 0.6407802662621374
80 480 0.8388557800507386 0 0.040008626032262795 0.7999999981665765 0.6397063084747555
81 486 0.6339762756893661 0 0.04000183799005224 0.7999974550047457 0.6399053749647825
82 492 0.501698574002895 0 0.04000427169357954 0.7999966190727236 0.6398237306074355
83 498 0.41306200028093776 0 0.04000036626825812 0.7999996901172731 0.6400487296965007
84 504 0.3404238279614555 0 0.040001015959898245 0.7999991258075454 0.6399169751847466
85 510 0.278979630913883 0 0.04000043511026965 0.7999990453334026 0.6399753981504408
86 516 0.2424899635371384 0 0.040000127824110984 0.7999998885505505 0.640028673772457
87 522 0.19108420279453894 0 0.04000005758553215 0.7999999875450112 0.6399770446111583
88 528 0.15795714839540193 0 0.04000001180390771 0.7999999816640198 0.6400066561057816
89 534 0.11834432976740014 0 0.04000001991141668 0.7999999751935486 0.6399899658934823
90 540 0.08770189582187975 0 0.040000017627464114 0.7999999972010311 0.6399871472234969
91 546 0.0933268444244301 0 0.040000015062484115 0.7999999950588232 0.6400114315055487
92 552 0.07975794021183888 0 0.04000000143178052 0.7999999980565291 0.6399974387814548
93 558 0.0685441999276038 0 0.040000004049063606 0.7999999999894017 0.6400063598763617
94 564 0.069972525389616 0 0.04000000829300735 0.7999999934362544 0.6399924612119742
95 570 0.054999415857401604 0 0.040000008307714996 0.7999999978586335 0.6400086285888728
96 576 0.03958117443057812 0 0.04000000031240893 0.799999999936584 0.6400016941314778
97 582 0.032839289899215626 0 0.04000000049752918 0.7999999999546537 0.6399978104283346
98 588 0.02563910123083582 0 0.04000000040977641 0.7999999999802015 0.6399979953311297
99 594 0.019706424689593063 0 0.04000000012237645 0.7999999997948871 0.6399993646025541
100 600 0.015883598837189535 0 0.04000000002559701 0.7999999999772607 0.6400004061813127
101 606 0.01438719946133795 0 0.04000000007065275 0.7999999999734353 0.6400007747275669
102 612 0.012068359756260317 0 0.04000000004628615 0.7999999999779086 0.6400006119253463
103 618 0.009506990706852413 0 0.04000000008333377 0.7999999999802581 0.6400008685131484
104 624 0.008085197967191067 0 0.0400000000027166 0.7999999999990726 0.6400001531528096
105 630 0.0069858388818709065 0 0.04000000000101262 0.799999999998709 0.6399999295559593
106 636 0.0060982549212586735 0 0.040000000001599346 0.7999999999999542 0.6400001257386181
107 642 0.00518532873876528 0 0.04000000000430093 0.7999999999953488 0.6399998437736182
108 648 0.0036469696367066526 0 0.04000000000077679 0.7999999999984424 0.6399999607861259
109 654 0.0027048527460541353 0 0.04000000000036979 0.7999999999990756 0.6400000003712731
110 660 0.002209376746325654 0 0.04000000000027785 0.7999999999993405 0.6399999881546177
111 666 0.00201568423906082 0 0.040000000000011075 0.7999999999999815 0.6400000060651623
112 672 0.0016171648638707075 0 0.04000000000006315 0.7999999999998423 0.6400000007868588
113 678 0.0014280113872756316 0 0.0400000000000371 0.7999999999999239 0.6399999918406382
114 684 0.001153547131806843 0 0.04000000000002659 0.7999999999999996 0.6399999837421346
115 690 0.0008512324444792411 0 0.04000000000000702 0.799999999999987 0.6399999957064747
116 696 0.0007105879587654448 0 0.04000000000000952 0.7999999999999944 0.6399999914704084
117 702 0.0006833914499076428 0 0.040000000000001514 0.7999999999999964 0.6399999992145432
118 708 0.0005070588027522213 0 0.04000000000000026 0.7999999999999997 0.6399999988156179
119 714 0.00043951093387450664 0 0.04000000000000083 0.7999999999999984 0.6399999986659716
120 720 0.0003864210401036975 0 0.040000000000001326 0.7999999999999997 0.6400000034708954
121 726 0.0004625306745186605 0 0.040000000000002915 0.8 0.6400000054150391
122 732 0.00041205525763900284 0 0.04000000000000323 0.7999999999999984 0.6400000050801207
123 738 0.0004092903341993911 0 0.04000000000000026 0.7999999999999995 0.6399999992523285
123 738 0.0004092903341993911 0 0.04000000000000026 0.7999999999999995 0.6399999992523285
